passage	time	value
1	0.046	2
1	0.562721	1
1	0.784543	1
1	1.256929	1
1	1.352925	1
1	1.616327	1
1	2.310749	1
1	2.799918	1
1	2.938712	1
1	3.30449	1
1	3.484082	1
1	3.654596	3
1	4.106667	1
1	4.274286	1
1	4.398799	3
1	4.785961	1
1	4.908844	1
1	5.034329	1
1	5.435647	2
1	5.890613	1
1	6.051306	19
1	7.147755	2
1	7.380186	1
1	7.4995	3
1	7.957925	2
		1
1	8.261225	1
1	8.560545	1
1	8.776055	1
1	8.88381	2
1	9.231021	1
1	9.31483	2
1	9.709932	1
1	9.961361	4
1	10.811429	1
1	10.926947	2
1	11.014966	1
1	11.29034	1
1	11.422041	1
1	11.928449	1
1	12.033452	2
1	12.882923	1
1	13.013482	6
1	13.777672	1
1	13.943927	2
1	14.110704	1
1	14.226852	1
1	14.407012	2
1	14.726531	1
1	14.822313	1
1	15.034115	9
1	15.430794	2
1	15.847213	2
1	16.232225	1
1	16.567652	1
1	17.109154	1
1	17.266659	9
1	19.526536	1
1	19.721958	2
1	19.926131	1
1	20.17415	5
1	20.928436	1
1	21.024218	1
1	21.269652	1
1	21.50313	2
1	22.165075	1
1	22.413062	1
1	22.641249	
1	22.736327	2
1	22.927891	3
1	23.382857	1
1	23.51412	1
1	23.598368	1
1	23.897687	2
1	24.161089	1
1	24.364626	2
1	24.483259	1
1	24.735783	1
1	25.059048	1
1	25.541189	1
1	25.680794	2
1	26.878912	1
1	27.142313	1
1	27.314162	2
1	27.776871	1
1	27.884626	1
1	28.255783	1
1	28.376346	6
1	28.818504	
1	29.297415	1
1	29.477007	1
1	29.608708	1
1	29.872109	1
1	29.95905	2
1	30.36463	1
1	30.458776	1
1	30.840804	3
1	31.021497	1
1	31.177122	1
1	31.512381	1
1	31.586956	8
1	32.833264	2
1	33.035638	2
1	34.074558	1
1	34.190765	1
1	34.565443	2
1	34.972517	1
1	35.140136	1
1	35.511293	4
1	35.945261	1
1	36.157823	2
1	36.564898	14
1	36.768436	
1	38.468572	2
1	38.632328	1
1	38.80381	2
1	39.174966	1
1	39.468477	1
1	40.04898	3
1	40.773225	1
1	40.934966	5
1	41.820953	1
1	42.042964	1
1	42.204082	2
1	42.611157	1
1	42.802721	2
1	42.900757	1
1	43.133433	1
1	43.473198	2
1	43.784524	1
1	43.954431	1
1	44.059864	1
1	44.155647	2
1	44.466939	1
1	44.632655	1
1	44.802177	1
1	44.909932	2
1	45.258174	1
1	45.496599	1
1	45.689575	3
1	46.805793	1
1	46.935658	2
1	47.651701	1
1	47.771429	2
1	48.307503	2
1	48.372361	1
1	48.573606	1
		1
1	48.718395	2
1	50.06082	2
1	50.180945	2
1	50.361373	1
1	50.602707	2
1	50.724997	1
1	51.051973	2
1	51.722449	2
1	51.818232	1
1	52.213334	1
1	52.333062	15
1	52.553259	1
1	52.92836	2
1	53.150214	1
1	53.386667	1
1	53.557126	1
1	53.793742	1
1	54.12898	1
1	54.368436	22
1	54.691701	1
1	54.823402	1
1	55.050885	1
1	55.146667	3
1	55.626219	2
1	55.734441	3
1	55.885951	1
1	56.195464	1
1	56.439728	4
2	0.479839572	1
2	0.592424402	2
2	0.810806402	1
2	0.912952402	2
2	1.415810402	2
2	1.918667402	1
2	2.385605402	1
2	2.557777402	2
2	3.211728402	1
2	3.431803402	1
2	3.595218402	1
2	3.790771402	
2	4.384907402	5
2	5.637331402	1
2	5.747717402	1
2	6.073224402	1
2	6.286257402	5
2	6.887374402	1
2	6.992943402	2
2	7.150775402	1
2	7.541223402	6
2	8.467782402	2
2	8.946694402	1
2	9.365741402	1
2	9.557306402	1
2	9.696188402	3
2	10.1080544	1
2	10.3256874	2
2	10.4425664	1
2	10.8503674	1
2	11.3053334	1
2	11.3771704	2
2	12.1913204	1
2	12.3150514	2
2	12.4278374	1
2	12.5354954	1
2	12.9096874	2
2	13.3209554	1
2	13.7505944	1
2	13.8315924	2
2	14.2027484	1
2	14.3713834	1
2	14.7563734	1
2	14.8570194	
2	15.2922724	2
2	15.8430204	1
2	16.1249724	1
2	16.1782584	2
2	16.5853334	1
2	16.7050614	1
2	16.9804354	1
2	17.1816424	1
2	17.3169194	19
2	18.0100954	1
2	18.2734974	1
2	18.6566264	1
2	18.8172454	5
2	20.0813884	2
2	20.2968984	1
2	20.5483274	1
2	20.9434294	1
2	21.0392114	3
2	21.4103674	1
2	21.8665724	8
2	22.4041094	1
2	22.5977474	
2	23.5894154	1
2	23.8647894	2
2	24.2479184	1
2	24.3796194	2
2	24.6888614	1
2	24.7866944	1
2	24.9782584	2
2	25.1339054	1
2	25.4691434	2
2	25.6916714	1
2	25.7988114	1
2	26.1875104	
2	26.5227484	2
2	26.8220684	1
2	27.1009914	1
2	27.2092134	13
2	28.6539054	1
2	28.8555384	1
2	29.2764904	3
2	29.8392114	2
2	30.1744494	1
2	30.3537254	2
2	30.7611164	1
2	31.1847124	3
2	31.7069664	1
2	31.9823404	2
2	32.3775904	1
2	33.1915924	2
2	33.4658944	1
2	33.5866944	1
2	33.6705034	3
2	34.0775784	2
2	34.2451974	1
2	34.4726804	1
2	34.5684634	1
2	34.7251894	2
2	34.9359684	11
2	36.4990384	1
2	36.5866974	
2	36.9630204	2
2	37.1545854	1
2	37.3092894	1
2	37.6848174	2
2	37.8729524	1
2	38.0506054	1
2	38.1270404	3
2	38.5314564	1
2	38.7110484	1
2	39.0103674	4
2	39.6090074	1
2	39.7885994	1
2	40.0041094	1
2	40.2555374	2
2	40.8422044	2
2	41.4528164	1
2	41.7985404	1
2	42.7219324	1
2	42.8468034	2
2	43.2607074	1
2	43.4437824	1
2	43.6191014	1
2	43.6677824	2
2	44.2065584	1
2	44.2903674	1
2	44.5548144	1
2	44.8416004	1
2	45.3433954	2
2	45.8588034	1
2	46.1940414	2
2	46.4215244	1
2	46.6729524	2
2	47.1039734	1
2	47.4631564	2
		2
		1
		1
		1
2	47.6700554	1
2	47.7624764	1
2	48.1934974	2
2	48.5287354	25
2	50.2168984	1
2	50.5641094	1
2	50.6958104	2
2	50.9951294	1
2	51.1747214	1
2	51.5339054	4
2	52.1325444	1
2	52.1874444	2
2	52.4438374	1
2	52.6592904	1
2	52.9445924	2
2	54.0841094	1
2	54.2320244	2
2	54.3954014	1
2	54.5989394	2
2	55.1504224	1
2	55.3053334	4
2	55.6284084	1
2	55.7602994	2
2	55.9398914	1
2	56.1793474	2
2	56.8617964	1
2	56.9934974	1
2	57.2449254	1
2	57.6156304	5
2	57.8794834	1
2	58.0111844	1
2	58.1660754	1
2	58.5156304	2
2	58.6816604	1
2	58.8612524	1
2	59.1485994	1
2	59.2511584	1
2	59.6873744	21
3	0.478723402	2
3	0.986269787	2
3	1.201780787	1
3	1.501099787	1
3	1.604642787	1
3	1.836337787	3
3	2.183548787	1
3	2.315249787	1
3	2.602596787	2
3	2.842052787	2
3	2.961780787	2
3	3.143827787	1
3	3.332936787	1
3	3.716065787	12
3	4.506269787	1
3	4.611587787	2
3	4.721780787	1
3	4.889399787	1
3	5.057018787	1
3	5.308446787	1
3	5.446654787	1
3	5.695563787	8
3	7.200147787	1
3	7.403684787	2
3	7.667086787	1
3	7.913297787	1
3	8.026269787	1
3	8.110079787	2
3	8.487551787	1
3	8.565045787	1
3	8.667198787	6
3	9.522868787	1
3	9.679748787	1
3	10.07361679	1
3	10.20531779	2
3	10.33701879	1
3	10.46871879	1
3	10.80395679	1
3	10.97157679	1
3	11.55766779	1
3	11.76178079	12
3	14.07252879	1
3	14.32043479	1
3	14.47960379	2
3	14.75497779	2
3	15.00640579	1
3	15.24713779	1
3	15.78066979	1
3	15.90436579	2
3	16.37130379	1
3	16.54214579	
3	16.72362579	1
3	16.91007979	7
3	18.27497779	2
3	18.45456979	1
3	18.69402479	2
3	18.96623079	
3	19.05320879	2
3	19.47225679	1
3	19.63987579	2
3	19.80749479	1
3	19.89130379	1
3	19.98708679	5
3	20.45402479	1
3	20.52586179	2
3	20.72939979	1
3	21.66327679	2
3	21.80789779	1
3	22.00702479	1
3	22.57196479	1
3	23.11249479	8
3	24.33320879	1
3	24.46490979	1
3	24.54871879	1
3	24.69239279	1
3	25.04467379	2
3	25.78191679	2
3	25.90463179	1
3	26.10518179	2
3	27.24259679	2
3	27.42218879	1
3	27.57783479	1
3	27.76956379	1
3	27.93701879	1
3	28.03280079	1
3	28.35606579	1
3	28.45184879	13
3	28.70327679	1
3	28.87089579	2
3	29.17021579	1
3	29.24205279	1
3	29.61320879	1
		7
3	30.41538579	2
3	30.57975079	
3	30.75062379	1
3	31.20558979	1
3	31.28939979	1
3	31.48191579	2
3	31.60636979	1
3	31.94790279	2
3	32.11244379	1
3	32.21130379	1
3	32.30183079	5
3	32.80994379	1
3	32.89375279	2
3	33.09729079	1
3	33.31280079	1
3	33.74353779	14
3	35.74327679	2
3	36.53985379	1
3	36.69745379	1
3	37.12014779	1
3	37.25262979	3
3	37.91008579	1
3	38.25314779	1
3	38.52478379	1
3	38.58082779	5
3	38.85445579	1
3	39.05973979	5
3	39.34469879	2
3	39.40695079	1
3	39.61048779	1
3	39.88586179	2
3	40.47252879	1
3	40.55633779	1
3	41.02327679	
3	41.27470579	4
3	42.67552179	1
3	43.00499679	2
3	43.52558979	2
3	43.66323679	1
3	43.76783279	2
3	43.95661079	1
3	44.25592979	2
3	44.37565779	1
3	44.51420779	3
3	45.42502979	2
3	45.72658979	2
3	45.81239279	1
3	46.00234879	2
3	46.11171279	1
3	46.32722279	2
3	46.81303279	1
3	47.10374579	13
3	47.24876179	1
3	47.52689079	1
3	47.68014779	2
3	47.82382079	1
3	48.07625279	1
3	48.25484179	1
3	48.36628679	2
3	48.66191679	1
3	48.74572579	1
3	48.86911379	2
3	50.01484179	2
3	50.24312279	1
3	50.42191679	1
3	50.68426379	1
3	51.08674579	14
3	52.75661079	2
3	53.76232479	2
3	54.89973979	2
3	55.98926379	1
3	56.08979379	1
3	56.15689079	2
3	56.43225679	2
3	57.00927379	1
3	57.28232479	1
3	57.45149679	1
3	57.59651379	2
3	58.81484179	2
3	58.99095979	1
3	59.42545379	1
3	59.71888679	2
3	59.94028379	2
3	60.45575679	2
3	60.56654879	1
3	60.64667879	1
3	61.05375279	1
3	61.26926379	1
3	61.59139379	2
3	62.07143979	2
3	62.26300479	1
3	62.53837879	17
		2
4	0.398385787	1
4	0.689427631	1
4	0.840937631	1
4	1.126349631	1
4	1.542891631	1
4	1.772879631	1
4	1.844716631	2
4	2.251791631	1
4	2.347573631	1
4	2.485197631	9
4	3.125805631	1
4	3.353288631	2
4	3.473015631	5
4	3.808254631	2
4	3.990834631	1
4	4.155464631	1
4	4.632185631	1
4	5.077369631	1
4	5.460498631	2
4	5.903492631	7
4	6.262675631	2
4	6.346485631	1
4	7.172607631	2
4	7.253283631	2
4	7.388559631	3
4	7.699410631	2
4	8.094512631	1
4	8.250158631	1
4	8.465668631	1
4	8.860771631	2
4	9.219954631	1
4	9.339682631	1
4	9.567165631	4
4	9.794648631	1
4	9.926349631	1
4	10.08199563	3
4	10.51044763	1
4	10.60879863	1
4	10.72852663	
4	11.11381763	6
4	11.74621363	1
4	11.95457563	1
4	12.06387963	2
4	12.28498863	1
4	12.44063463	1
4	12.64462563	1
4	12.75192763	1
4	13.24281163	2
4	13.47324963	2
4	14.23655363	1
4	14.41614563	1
4	14.85699863	2
4	15.11056663	1
4	15.19437663	2
4	15.75709763	1
4	15.93668963	2
4	16.09233563	1
4	16.27192763	1
4	16.43954663	2
4	16.58322063	1
4	16.77246763	1
4	17.08607763	1
4	17.28976663	16
4	18.00798163	2
4	18.31422063	2
4	18.42702963	1
4	18.61859463	1
4	18.79818563	2
4	19.31301563	1
4	19.38505963	1
4	19.67375863	2
4	19.78522663	12
4	20.63002263	2
4	21.12090763	2
4	21.36644463	1
4	21.43219963	1
4	21.71954663	1
4	21.81532863	1
4	22.11464863	5
4	23.18022663	1
4	23.34784563	2
4	23.51076263	2
4	23.65036763	1
4	24.00634963	2
4	24.17712863	2
4	24.82182563	1
4	24.94022663	2
4	25.57799163	2
4	25.70940763	1
4	25.77832263	1
4	26.11436663	1
4	27.16716563	9
4	27.59113663	1
4	28.00526063	1
		1
		1
4	28.35477763	2
4	28.68770963	2
4	28.84335663	2
4	29.40607763	1
4	30.17233563	1
4	30.31600963	1
4	30.89070263	4
4	31.93233563	1
		2
4	32.08798163	1
4	32.31546463	2
4	32.43519263	1
4	32.55492063	1
4	32.89015863	1
4	33.27328863	2
4	33.70494363	1
4	33.81316563	17
4	35.16498863	2
4	35.61995463	2
4	35.85941063	1
4	36.26648563	3
4	37.59546463	2
4	37.73208963	1
4	38.12817963	1
4	38.24181263	2
4	38.40054563	1
4	38.79274363	1
4	39.11600963	1
4	39.35546463	1
4	39.88226763	1
4	40.07216363	3
4	41.04362863	1
4	41.40281163	2
4	41.69015863	2
4	41.80957263	1
4	41.92961463	1
4	42.24090763	1
4	42.33668963	1
4	42.57203263	1
4	42.72981063	1
4	43.04308363	1
4	43.15083963	2
4	43.66566863	2
4	43.83328863	1
4	44.10866263	1
4	44.25233563	1
4	44.41995463	1
4	44.81505663	3
4	46.10811763	1
4	46.25192363	23
4	47.24553263	2
4	47.56879863	1
4	48.95285963	2
4	49.10869863	1
4	49.35274363	1
4	49.69995463	1
4	49.96335663	2
4	50.09505663	1
4	50.44226763	1
4	50.56199563	2
4	50.76290263	6
4	51.24444463	1
4	51.45995463	2
4	51.92689363	1
4	52.06513863	2
4	52.20226763	1
4	52.37652063	1
4	52.48961463	2
4	52.87317663	1
4	52.97145863	1
4	53.21995463	1
4	53.33968263	1
4	53.61505663	5
4	55.17151963	1
4	55.23582963	2
4	55.40110663	1
4	55.60253963	1
4	55.77015863	1
4	55.92580563	1
4	56.21315163	2
4	56.38657763	2
4	56.57233563	1
4	56.73995463	2
4	56.96743763	1
4	57.03927463	1
4	57.11111163	4
4	57.60199563	13
4	57.86539663	2
4	57.99709763	10
4	59.03873063	2
4	59.37396863	2
4	60.03247163	1
4	60.27228563	1
4	60.51457663	1
4	60.62911563	2
4	61.23515563	1
4	61.40908963	2
4	63.22920663	1
4	63.28054363	3
4	63.46866263	1
4	63.74156763	1
4	63.80390063	1
4	64.32668563	1
4	64.41084863	2
4	64.56802363	1
4	65.36036263	2
4	65.79138363	1
4	66.51241563	1
4	66.65526763	2
4	66.73779663	1
4	66.85223063	1
4	67.25244963	1
4	67.44362863	1
4	67.65913863	2
4	68.03985163	1
4	68.15456663	2
4	68.26278763	1
4	68.43736963	2
4	68.59301563	1
4	68.76063463	1
4	69.12991863	6
5	0.561145631	1
5	0.689847173	2
5	0.936113173	1
5	1.115705173	1
5	1.618562173	1
5	1.858018173	2
5	2.107547173	2
5	2.220976173	1
5	2.312984173	1
5	2.528494173	2
5	2.648222173	1
5	2.847481173	1
5	4.108902173	13
5	4.527950173	2
5	4.666011173	1
5	4.803324173	2
5	5.126589173	1
5	5.261374173	1
5	5.371760173	1
5	6.383732173	2
5	6.833959173	2
5	6.910535173	1
5	7.113220173	1
5	7.305637173	2
5	7.437338173	1
5	7.704109173	2
5	7.877263173	33
5	9.664277173	2
5	10.26291617	2
5	10.81366417	2
5	11.98699817	2
5	12.15461717	1
5	12.32223617	1
5	12.71894017	2
5	13.01979617	1
5	13.13638517	8
5	13.45965117	1
5	13.66318817	2
5	14.08223617	2
5	14.32169217	1
5	14.64495717	1
5	15.19176917	6
5	16.79702417	2
5	17.12403517	1
5	17.31648717	1
5	17.64764417	2
5	17.80577317	1
5	18.18890217	2
5	18.56005917	5
5	18.92607117	2
5	19.00305217	1
5	19.31350417	1
5	20.90959317	2
5	21.25590217	1
5	21.48749517	1
5	21.59138817	8
5	23.12299917	2
5	23.22256217	1
5	23.45848517	2
5	23.56870017	1
5	23.64895517	1
5	24.04359617	1
5	24.15261217	2
5	24.61147117	1
5	24.73801817	4
5	25.07249417	1
5	25.18504417	
5	25.48033117	8
5	26.76141917	2
5	27.09665817	1
5	27.26427717	2
5	27.51271417	2
5	27.59951517	1
5	27.92278017	2
5	28.03053517	1
5	28.13829017	1
5	28.47352817	3
5	28.66509317	1
5	29.01230417	3
5	29.89829017	2
5	30.06590917	1
5	30.10182817	1
5	30.34671017	2
5	30.73638517	1
5	30.82019517	1
5	30.97584117	5
5	31.20165917	2
5	31.26007417	1
5	31.34018317	4
5	31.75407217	1
5	31.96958317	2
5	32.06536517	1
5	32.33718017	1
5	32.58019517	1
5	32.65203217	6
5	33.74155517	1
5	33.84931117	2
5	34.00050617	1
5	34.10073917	1
5	34.37743117	1
5	34.69127317	1
5	34.74727017	12
5	35.16631717	2
5	35.25538517	5
5	36.35162417	1
5	36.51924317	1
5	36.62699817	2
5	37.15380017	1
5	37.40522917	4
5	37.79375817	2
5	37.86302017	1
5	39.51244017	1
5	39.71597717	2
5	39.96740617	2
5	40.43434517	1
5	40.82944717	1
5	40.94917517	1
5	41.15271217	1
5	41.40025117	6
5	42.38590917	1
5	42.55092317	1
5	42.81693017	1
5	43.00849417	1
5	43.42754217	1
5	43.58318817	3
5	44.13393617	1
5	44.21774617	1
5	44.27761017	1
5	44.64876617	2
5	44.91805217	1
5	45.09176017	5
5	45.91788217	1
5	46.06006617	2
5	46.48862317	1
5	46.68414117	4
5	47.54618117	1
5	47.66590917	2
5	48.07298417	1
5	48.30372817	3
5	49.13856217	1
5	49.29685017	2
5	50.07342517	1
5	50.22493517	2
5	50.54743517	1
5	50.72426417	2
5	51.94933017	17
5	52.06188017	2
5	52.15258617	1
5	52.55080717	1
5	52.68250817	2
5	52.86210017	1
5	53.06778617	1
5	53.20374417	1
5	53.68822217	1
5	54.05937917	8
5	54.89747417	2
5	55.07706617	1
5	55.27152717	1
5	55.40033117	2
5	55.61174417	1
5	55.97502517	1
5	56.19053517	2
5	56.33420917	2
5	56.54971917	1
5	56.80114717	8
5	57.93856217	2
5	58.13012717	1
5	58.35761017	1
5	58.50128317	2
5	58.71679417	1
5	58.93230417	1
5	59.36332417	7
5	59.68658917	1
5	59.85420917	1
5	60.03380017	2
5	60.41693017	1
5	60.81203217	1
5	60.91978717	1
5	61.26699817	1
5	61.38672617	2
5	61.59026317	1
5	61.75788217	1
5	62.17693017	2
5	62.51541617	1
5	62.64386817	3
5	62.95516117	1
5	63.13475317	12
5	63.94890217	1
		1
5	64.08588317	1
5	64.54754217	1
5	64.69121517	3
5	64.85883417	1
5	65.31380017	2
6	0.323245298	2
6	0.568708743	2
6	1.039808743	1
6	1.422937743	2
6	1.590556743	1
6	1.730401743	2
6	2.380761743	1
6	2.600501743	4
6	2.847699743	2
6	3.206883743	1
6	3.379041743	1
6	3.534880743	2
6	4.739400743	2
6	4.967131743	2
6	5.972597743	2
6	6.738856743	2
6	7.229740743	2
6	7.529060743	2
6	7.756543743	1
6	8.211509743	1
6	8.566976743	1
6	8.654502743	2
6	8.917903743	1
6	9.013686743	2
6	9.469543743	1
6	9.612325743	1
6	9.839808743	18
6	10.90538674	1
6	11.07300574	1
6	11.14484274	2
6	11.48008074	1
6	11.67207674	4
6	13.28797174	2
6	13.68307374	1
6	13.85069374	1
6	14.05370274	1
6	14.13803974	3
6	14.35355074	4
6	15.04797174	1
6	15.20361874	2
6	15.37123774	1
6	15.73042074	2
6	15.93395874	1
6	16.07763174	1
6	16.22130574	3
6	16.55654374	1
6	16.69133574	1
6	16.74810774	5
6	18.05314174	2
6	18.26865274	1
6	18.55599974	4
6	18.87926474	1
6	19.01096574	2
6	19.08280174	1
6	19.22870174	1
6	19.48987674	1
6	19.88497874	2
6	20.95055674	1
6	21.44144174	4
6	21.58511474	1
6	21.83654374	1
6	22.18375474	1
6	22.45912874	8
6	23.41695174	1
6	23.54865274	1
6	23.62048874	1
6	23.90783574	2
6	24.24307374	1
6	24.37477474	2
6	24.74547574	1
6	24.86565874	3
6	25.26076174	1
6	25.79953674	8
6	26.09885674	
6	27.21232574	2
6	27.36797174	1
6	27.53559074	1
6	27.73374674	1
6	27.79899274	2
6	28.20606774	1
6	28.28987674	1
6	28.40175074	7
6	29.27164574	2
6	29.58293774	1
6	29.81042074	2
6	30.22946874	1
6	30.39708774	1
6	30.50484274	4
6	31.00769974	1
6	31.18729174	1
6	31.45069374	2
6	31.81344474	1
6	31.92960474	2
6	32.19300574	1
6	32.30076174	1
6	32.52554174	2
6	32.67191774	1
6	33.06599374	1
6	33.22616174	2
6	33.34239374	1
6	33.62874474	1
6	33.70157774	16
6	34.63545474	1
6	34.88114474	2
6	35.05450274	1
6	35.33567474	1
6	35.47355074	3
6	36.08416274	1
6	36.21586374	2
6	36.47340974	2
6	36.59766974	1
6	36.72226874	5
6	37.65259774	2
6	37.85613574	1
6	38.02375474	1
6	38.35899274	1
6	38.77555674	4
6	38.90974074	2
6	39.02946874	2
6	39.22103374	1
6	39.52035274	1
6	39.59218974	7
6	40.35844874	1
6	40.50212174	1
6	40.60987674	2
6	40.98103374	1
6	41.20851674	1
6	41.43599974	2
6	41.75926474	1
6	41.92688374	1
6	42.06820674	8
6	43.01640774	2
6	43.25586374	1
6	43.55518274	2
6	44.05803974	1
6	44.17776774	1
6	44.23832374	1
6	44.72851674	1
6	45.13559074	2
6	45.55463874	2
6	45.87790374	1
6	46.06946874	1
6	46.30892474	2
6	46.69205374	1
6	46.88361874	1
6	46.99137374	2
6	47.26674774	1
6	47.36252974	2
6	47.79355074	1
6	48.09286974	1
6	48.30838074	1
6	48.44008074	17
6	49.61341474	2
6	49.79300574	1
6	49.91273374	2
6	50.40361874	2
6	50.58770274	1
6	50.91844874	1
6	50.99028474	8
6	51.88824474	1
6	52.05586374	2
6	52.23545474	1
6	52.38352774	1
6	52.61858474	4
6	53.51654374	1
6	53.64538874	2
6	53.85178174	2
6	54.21382874	1
6	54.30674774	1
6	54.46057374	1
6	54.71382274	1
6	54.79763174	2
6	54.95327874	1
6	55.24062474	1
6	55.46810774	2
6	55.86321074	1
6	55.94456674	1
6	56.17450274	1
6	56.32334174	4
6	56.61749574	1
6	57.04851674	1
6	57.40769974	7
6	58.34157774	2
6	58.54511474	1
6	58.85640774	1
6	59.41912874	1
6	59.70647574	1
6	59.77831274	3
6	60.64035274	1
6	61.19110174	2
6	61.38266574	2
6	61.56225774	1
6	61.82565874	2
6	62.10103374	1
6	62.26865274	1
6	62.43627174	2
6	62.66375474	11
7	0.586736359	2
7	1.179532195	2
7	1.418988195	1
7	1.694362195	1
7	2.051148195	1
7	2.304974195	1
7	2.747968195	1
7	2.999396195	
7	3.370553195	5
7	4.256539195	2
7	4.460076195	1
7	4.711505195	1
7	4.795315195	1
7	5.274226195	5
7	6.507423195	2
7	6.639124195	1
7	6.806743195	2
7	7.201845195	1
7	7.440325195	4
7	7.668784195	1
7	7.974939195	1
7	8.068009195	1
7	8.494906195	1
7	8.937900195	5
7	9.835859195	1
7	10.03939619	1
7	10.56619919	1
7	11.02116519	2
7	11.60783219	1
7	11.75150519	1
7	11.92477219	2
7	12.05082519	1
7	12.30225319	1
7	12.69735519	1
7	12.86497419	2
7	13.03259319	1
7	13.12837619	1
7	13.20021319	2
7	13.55939619	1
7	13.65517919	1
7	13.75074419	15
7	15.16375019	1
7	15.29534219	2
7	15.87014419	1
7	16.21522319	1
7	16.32511019	2
7	16.79204919	1
7	16.92948519	1
7	17.13926019	6
7	17.50658319	1
7	17.59422619	1
7	17.69000819	3
7	17.96538319	1
7	18.18089319	1
7	18.33653919	4
7	19.29436219	1
7	19.43644819	1
7	19.57064319	1
7	19.88102919	3
7	20.14443019	2
7	20.25218519	1
7	20.40783219	1
7	20.60956819	1
7	20.92266119	2
7	21.19803619	1
7	21.32973619	7
7	22.42431519	2
7	22.98273719	1
7	23.13762719	1
7	23.22143719	1
7	23.65245719	1
7	23.97572319	3
7	24.33490619	2
7	24.56238919	1
7	24.86931419	1
7	25.22428019	1
7	25.32304019	1
7	25.63994019	2
7	26.17871619	2
7	26.40619919	1
7	26.64565519	1
7	26.83721919	1
7	27.26824019	10
7	28.32184519	1
7	28.52538319	1
7	28.97931419	2
7	29.14796819	1
7	29.28449919	1
7	29.37540519	1
7	29.71068919	2
7	30.23749119	1
7	30.57369419	2
7	31.08755919	2
7	31.47068919	5
7	32.57218519	2
7	32.77572319	1
7	33.15885219	1
7	33.24266119	1
7	33.56592719	1
7	33.94905619	2
7	34.20832419	1
7	34.32021319	1
7	34.39204919	5
7	35.06252519	1
7	35.24211719	1
7	35.37381819	1
7	35.55341019	1
7	36.15204919	3
7	36.60701519	2
7	36.81055319	4
7	38.83395419	2
7	39.28013419	1
7	39.71994019	1
7	39.80375019	3
7	40.31858019	1
7	40.55803619	1
		1
7	40.83341019	2
7	40.93295319	1
7	41.19259319	1
7	41.54468219	1
7	41.59966819	1
7	42.04266119	2
7	43.41953219	1
7	43.64701519	1
7	43.91041719	2
7	44.25762719	1
7	44.42524719	1
7	44.53300219	
7	44.85626719	2
7	45.89790019	2
7	46.13735519	1
7	46.50851219	7
7	46.96347819	1
7	47.13082219	1
7	47.40647119	1
7	47.68184519	1
7	47.75368219	3
7	48.65164119	1
7	48.95096119	1
7	49.12994919	1
7	49.98056919	2
7	50.33980419	2
7	50.57926019	2
7	50.86934519	15
7	52.20755919	2
7	52.35123319	2
7	52.58276819	1
7	53.05762719	1
7	53.15341019	1
7	53.34497419	1
7	53.50062119	1
7	53.62034919	1
7	53.79994019	1
7	54.19504219	5
7	54.66198119	1
7	54.84157319	1
7	55.27451119	2
7	55.67966819	1
7	56.01490619	1
7	56.32619919	2
7	56.68538319	1
7	56.82905619	1
7	57.17626719	2
7	57.79885219	1
7	57.90660719	1
7	58.22987219	1
7	58.51721919	12
7	59.98987219	1
7	60.12157319	2
7	60.30116519	1
7	60.55259319	1
7	60.74593719	2
7	61.01953219	1
7	61.17517919	1
7	61.29490619	2
7	61.67583719	1
7	61.84565519	1
7	61.96538319	7
8	0.342	1
8	0.453316684	1
8	0.696698684	1
8	0.960099684	1
8	1.067854684	2
8	1.391120684	1
8	1.582684684	1
8	1.785899684	5
8	2.504589684	1
8	2.779963684	3
8	3.043431684	4
8	4.204725684	2
8	4.289338684	1
8	4.480099684	1
8	4.671664684	1
8	4.839283684	1
8	5.279842684	2
8	5.629487684	3
8	5.928807684	1
8	6.240099684	1
8	6.311936684	5
8	7.545133684	2
8	7.676834684	2
8	7.856426684	2
8	7.964181684	1
8	8.251528684	2
8	8.335337684	1
8	8.486719684	1
8	8.780278684	2
8	8.957922684	1
8	9.083297684	1
8	9.137514684	10
8	10.53833168	2
8	10.64608668	1
8	10.96554568	2
8	11.10105268	4
8	11.74758268	1
8	11.94114868	2
8	12.09754168	2
8	12.40608668	1
8	12.57370568	2
8	12.75329768	1
8	12.90864768	9
8	14.40554168	1
8	14.57316068	2
8	14.70486168	4
8	15.29152868	1
8	15.60282068	2
8	15.93805868	
8	16.09962068	
8	16.23737868	1
8	16.33316068	1
8	16.58878068	2
8	16.91982768	1
8	17.03955568	1
8	17.54241268	2
8	18.36853568	1
8	18.49050868	2
8	18.90731068	1
8	19.03901168	1
8	19.41016768	1
8	19.48200468	1
8	19.76935168	1
8	19.92499768	1
8	20.24826368	1
8	20.55240368	2
8	20.93071268	3
8	21.44554168	1
8	21.58921568	1
8	21.97234468	14
8	23.78023568	2
8	24.00771868	1
8	24.40282068	1
8	24.47465768	1
8	24.64227668	1
8	24.80989568	2
8	25.19302468	1
8	25.33669868	1
8	25.67193668	1
8	25.86350168	1
8	25.98322968	1
8	26.27057568	12
8	27.04880768	1
8	27.16853568	2
8	27.34812668	1
8	27.59955568	1
8	27.87492968	1
8	27.97071268	1
8	28.07846768	4
8	28.91656268	2
8	29.15601868	1
8	29.52717468	2
8	29.70676668	1
8	29.97016768	1
8	30.23356968	1
8	30.60134568	2
8	30.87189968	1
8	31.07166468	3
8	31.56254868	1
8	31.76500368	1
8	31.84989568	1
8	32.14921568	2
8	32.46050768	1
8	32.55502068	2
8	32.79574668	1
8	32.95139268	4
8	33.37043968	1
8	33.46622268	1
8	33.88526968	2
8	34.24679868	1
8	34.42404568	1
8	34.62758268	19
8	36.50731068	1
8	36.78268468	2
8	37.18975968	2
8	37.38132468	1
8	37.69563868	1
8	37.82431768	1
8	38.20744668	2
8	38.63846768	1
8	38.84414568	3
8	39.89560968	2
8	40.05125668	2
8	40.67384168	1
8	40.89738268	1
8	41.38023568	2
8	41.64335668	8
8	42.48531868	2
8	42.69526868	5
8	43.65506568	1
		1
8	43.78676668	2
8	44.02622268	1
8	44.09805868	2
8	44.37813868	1
8	44.50513368	1
8	44.60091668	5
8	44.98404568	1
8	45.14867568	1
8	45.19955568	1
8	45.61860368	2
8	46.21724268	1
8	46.37288868	1
8	46.46867168	2
8	47.09125668	1
8	47.47432668	4
8	48.13288868	1
8	48.81763268	1
8	49.19846768	1
8	49.41284968	2
8	49.50975968	1
8	49.68486368	1
8	50.09642668	3
8	51.05424968	3
8	51.25778668	1
8	51.42878868	1
8	51.71275268	1
8	52.07193668	2
8	52.32336568	1
8	52.38546568	1
8	52.67957768	2
8	53.07350368	14
8	53.44880768	1
8	53.58050768	1
8	53.68826368	1
8	54.20309268	1
8	54.44927568	2
8	54.90948768	1
8	55.06830168	1
8	55.29261668	1
8	55.54404568	1
8	55.66377368	1
8	55.85533768	2
8	56.19057568	1
8	56.36615368	1
8	56.44407368	9
9	0.432017422	2
9	1.046814784	2
9	1.198493784	1
9	1.394025784	1
9	1.753209784	5
9	2.133840784	2
9	2.351848784	2
9	2.709578784	1
9	2.789662784	1
9	3.118107784	1
9	3.441372784	2
9	3.531518784	1
9	3.620964784	1
9	3.980148784	4
9	4.470263784	1
9	4.591471784	4
9	5.488719784	
9	5.584501784	2
9	5.805111784	1
9	5.991576784	1
9	6.219059784	1
9	6.747998784	1
9	7.069127784	1
9	7.308583784	2
9	7.957913784	1
9	8.266406784	2
9	8.711133784	2
9	8.810731784	1
9	8.876990784	1
9	9.320012784	10
9	10.15810778	1
9	10.32572678	1
9	10.61663678	2
9	10.82858378	1
9	11.00817578	1
9	11.41525078	2
9	11.95402578	1
9	12.03786078	1
9	12.30624978	1
9	12.89987678	4
9	13.70205278	2
9	13.92953578	1
9	14.31266578	2
9	14.48028478	1
9	14.91130478	1
9	15.13878778	1
9	15.58178078	1
9	15.67756378	1
9	16.27620278	2
9	16.70722278	1
9	16.85089678	2
9	17.19810778	1
9	17.30586278	1
9	17.65307378	7
9	18.37144078	1
9	18.70667878	2
9	19.52082878	1
9	19.65559478	1
9	19.73351478	
9	20.02368578	1
9	20.39484178	2
9	20.77797178	1
9	21.01742778	1
9	21.42450178	2
9	21.60409378	1
9	21.75973978	2
9	21.92735978	1
9	22.18067778	2
9	22.33868078	1
9	22.54863078	9
9	23.23239378	1
9	23.42395778	1
9	23.55565878	1
9	23.67538678	2
9	23.79511478	1
9	24.07048878	1
9	24.21416178	2
9	24.58531878	1
9	25.07620278	2
9	25.49525078	1
9	25.69193578	1
9	25.74667878	6
9	26.12185278	2
9	26.23756378	2
9	26.68055678	12
9	27.87783578	
9	27.98678578	2
9	28.16643278	1
9	28.28547678	2
9	28.64409378	1
9	29.25470578	1
9	29.45824378	1
9	29.60191678	2
9	29.74559078	1
9	30.14069278	2
9	30.46395778	1
9	30.60070978	1
9	30.66780778	2
9	31.05062478	1
9	31.44182278	8
9	32.34368578	2
9	32.44232778	1
9	32.52403678	1
9	32.97824378	1
9	33.36137278	1
9	33.49307378	1
9	34.04382178	1
9	34.21144078	3
9	34.37905978	1
9	34.78613478	1
9	34.88191678	11
9	36.83348178	2
9	37.27647478	1
9	37.53987678	2
9	37.86314178	1
9	38.05395178	1
9	38.40191678	1
9	38.76524378	3
9	39.51538678	1
9	39.71759178	2
9	40.16191678	1
9	40.52110078	1
9	40.62885578	1
9	41.07184878	6
9	41.65851578	1
9	41.83810778	1
9	42.28110078	2
9	42.48463778	1
9	42.92763178	1
9	43.77769978	2
9	43.92081278	1
9	44.31647478	1
9	44.49606678	4
9	45.05878778	1
9	45.12206978	2
9	45.41779278	1
9	45.59756378	1
9	45.99266578	2
9	46.52381478	1
9	46.69905978	
9	47.22586278	4
9	48.21960378	2
9	48.97388978	2
9	49.95565878	1
9	50.35076078	2
9	50.84164478	2
9	51.40651578	1
9	51.57198478	1
9	51.83538678	1
9	52.20247578	15
9	53.83484178	2
9	54.08627078	1
9	54.39756378	2
9	55.04409378	1
9	55.42390078	2
9	55.53645078	4
10	1.051980798	2
10	1.160767	1
10	1.308375	1
10	2.14647	3
10	2.787119	2
10	3.069088	2
10	3.670205	2
10	3.810893	1
10	4.110007	1
10	4.193817	1
10	4.602269	2
10	4.780483	1
10	4.907454	1
10	5.004853	6
10	6.456674	1
10	6.616548	2
10	6.895759	2
10	7.007422	1
10	7.246878	4
10	8.24062	2
10	8.396266	1
10	8.575858	2
10	8.851232	2
10	9.078715	1
10	9.354089	2
10	9.737218	5
10	10.371776	1
10	10.52606	1
10	10.623205	2
10	11.042252	1
10	11.395356	2
10	11.581028	1
10	11.688783	1
10	11.856402	3
10	12.167694	1
10	12.335313	2
10	12.514905	1
10	12.742388	2
10	12.969871	1
10	13.13749	1
10	13.364973	2
10	13.772048	1
10	13.891776	1
10	14.286878	1
10	14.514361	1
10	14.598171	1
10	14.933409	3
10	15.376402	1
10	15.670657	1
10	15.891232	1
10	16.214497	11
10	17.782932	2
10	18.166062	2
10	18.513273	2
10	18.728783	1
10	19.075994	1
10	19.363341	1
10	19.399259	1
10	19.674633	2
10	20.47681	1
10	20.596538	1
10	20.788103	1
10	20.931776	2
10	21.123341	1
10	21.302932	1
10	21.566334	1
10	21.638171	1
10	21.978912	1
10	22.200892	8
10	23.18266	2
10	23.370085	1
10	23.69749	1
10	23.761846	2
10	24.068647	1
10	24.487694	1
10	24.787014	6
10	25.876538	1
10	26.066158	2
10	26.126762	1
10	26.511096	5
10	26.894225	2
10	27.063155	12
10	27.528783	2
10	27.755772	2
10	28.127422	1
10	28.24715	4
10	29.169055	1
10	29.291711	1
10	29.444429	2
10	29.8826	1
10	30.043068	5
10	30.641708	1
10	30.917082	1
10	30.976946	3
10	32.341844	2
10	32.473545	1
10	32.844701	2
10	33.000347	2
10	33.09613	1
10	33.347558	1
10	33.479259	1
10	33.802524	9
10	35.200401	1
10	35.299123	2
10	35.442796	1
10	35.658307	1
10	35.813953	2
10	36.292864	2
10	36.484429	1
10	36.568239	2
10	36.915449	1
10	37.035177	1
10	37.095041	4
10	37.564513	1
10	37.753545	1
10	38.136674	1
10	38.447966	1
10	38.579667	2
10	39.027666	1
10	39.202252	1
10	39.464076	15
10	40.207966	1
10	40.327694	2
10	40.495313	1
10	40.67832	1
10	40.926334	1
10	41.357354	2
10	41.776402	1
10	42.11164	1
10	42.446878	1
10	42.681776	1
10	42.758171	8
10	43.835722	1
10	44.265333	1
10	44.362524	3
10	44.841436	1
10	45.236538	1
10	45.404157	2
10	45.775313	3
10	45.974426	6
10	46.816946	2
10	46.996538	1
10	47.534175	1
10	47.738851	1
10	48.055802	1
10	48.313545	1
10	48.433273	3
10	48.799561	1
10	48.948103	6
10	50.145381	1
10	50.268403	2
10	50.755994	1
10	50.839803	1
10	51.132009	3
10	51.606062	2
10	51.737762	2
10	51.905381	1
10	52.204701	1
10	52.324429	1
10	52.468103	6
10	53.330143	2
10	53.535131	1
10	53.868919	2
10	54.037468	1
10	54.104375	1
10	54.599259	1
10	54.697428	1
10	55.030279	1
10	55.413409	8
10	56.347286	1
10	56.497428	2
10	56.646606	2
10	56.802252	1
10	56.993817	1
10	57.245245	1
10	57.353	1
10	57.460756	4
10	57.843885	1
10	58.204357	6
10	58.670007	2
10	58.874526	1
10	59.124973	2
10	59.244701	1
10	59.448239	1
10	59.855313	2
10	60.430007	1
10	60.784961	5
11	0.27448538	2
11	0.489783265	1
11	0.701863265	1
11	1.064477265	2
11	1.279987265	1
11	1.615225265	2
11	2.130055265	1
11	2.369511265	1
11	2.453320265	10
11	3.578762265	1
11	3.695823265	2
11	3.866109265	1
11	4.201347265	1
11	4.333048265	2
11	4.895769265	1
11	4.979579265	1
11	5.303189265	1
11	5.494409265	2
11	5.650055265	1
11	5.733864265	1
11	5.865565265	2
11	6.188830265	1
11	6.272640265	1
11	6.356450265	12
11	7.278354265	1
11	7.393222265	2
11	7.505837265	1
11	7.685429265	1
11	7.875889265	5
11	9.194001265	1
11	9.325252265	2
11	9.469375265	2
11	9.660939265	1
11	9.828558265	1
11	10.29549727	2
11	10.74864127	1
11	10.94202827	1
11	11.12162027	8
11	12.16325227	1
11	12.25903527	1
11	12.56379227	1
11	12.84733227	2
11	13.14502127	1
11	13.46828627	3
11	13.72765427	1
11	13.87483527	5
11	16.28696427	3
11	16.54529327	2
11	16.65188127	1
11	17.00025927	1
11	17.33454727	2
		1
11	17.69468127	1
11	18.20817227	1
11	18.42677927	1
11	19.08352427	1
11	19.30694727	3
11	19.76597327	1
11	19.90000027	3
11	20.38855827	2
11	20.66404327	7
11	21.80822127	2
11	21.95540227	1
11	22.55711327	2
11	22.68048627	1
11	22.80385827	1
11	23.05060327	2
11	23.38175627	1
11	23.77055327	2
11	25.46502127	2
11	25.67877427	2
11	26.12352427	1
11	26.38692627	2
11	26.79400127	1
11	27.15318427	2
11	27.34890827	2
11	28.04368927	1
11	28.13459527	2
11	28.35046327	1
11	28.67372827	2
11	29.14066727	1
11	29.57962927	4
11	30.36189227	1
11	30.50952927	2
11	31.09223227	2
11	31.20863927	1
11	31.67889927	2
11	32.12189227	1
11	32.44382327	1
11	33.13957927	1
11	33.30719827	1
11	33.41495327	1
11	33.67835427	2
11	34.09880627	1
11	34.31291227	1
11	34.54251427	9
11	35.46230027	1
11	35.62991927	2
		2
11	35.98910327	1
11	36.43209627	1
11	36.74338827	1
11	36.82719827	3
11	37.29413727	1
11	37.40227927	1
11	37.64134727	2
11	38.03645027	1
11	38.14420527	1
11	38.44352427	1
11	38.86029927	2
11	39.36028127	1
11	39.47716127	1
11	39.53304827	2
11	39.81697627	1
11	39.95209627	2
11	40.41903527	2
11	40.62257227	1
11	40.81413727	1
11	41.15605227	1
11	41.62828627	3
11	42.80162027	1
11	42.93332027	1
11	43.19672227	1
11	43.73549727	2
11	44.15454527	1
		1
11	44.42991927	1
11	44.78418927	1
11	44.92080327	1
11	45.44760627	1
11	45.53141627	1
11	45.73495327	1
11	45.96243627	38
11	47.53087127	1
11	47.61445627	2
11	47.73785527	1
11	47.87808227	1
11	48.21969227	2
11	48.56600027	4
11	49.42094927	1
11	49.59019127	3
11	49.92542927	2
11	50.31621827	1
11	50.44025927	1
11	50.87127927	1
11	50.94311627	1
11	51.15862627	1
11	51.42202827	2
11	51.84107527	2
11	52.37985127	2
11	52.51428327	1
11	52.65522527	2
11	53.05558027	2
11	53.42148427	1
11	53.64896727	3
		1
11	53.79717427	1
11	53.89024527	1
11	54.21168827	1
11	54.51732527	1
11	55.33114927	18
12	0.229476225	2
12	0.504358225	1
12	0.658032225	2
12	0.974924225	1
12	1.266236225	1
12	1.441863225	1
12	1.515146225	1
12	1.801046225	1
12	2.220094225	2
12	2.687033225	2
12	2.794788225	1
12	2.926489225	1
12	3.293501225	1
12	3.561046225	1
12	3.644856225	11
12	4.698461225	2
12	4.925944225	1
12	5.309074225	3
12	5.883767225	1
12	6.135196225	1
12	6.460615225	1
12	6.605632225	3
12	6.759306225	1
12	6.841591225	1
12	7.215196225	2
12	7.643767225	2
12	8.613563225	1
12	8.733291225	3
12	9.008665225	1
12	9.116421225	2
12	9.686169225	1
12	9.997846225	3
12	10.76866522	1
12	11.02009422	2
12	11.58281522	1
12	11.93204022	1
12	12.06623522	10
12	14.03723722	2
12	14.85138722	2
12	14.97902622	1
12	15.12676122	1
12	15.36356422	5
12	15.84512822	2
12	16.09655722	4
12	16.51640022	1
12	16.62895022	1
12	16.79561122	2
12	16.92267922	1
12	17.18608022	2
12	17.35369922	1
12	17.58482322	7
12	18.06009422	2
12	18.17982222	1
12	18.36185322	1
12	18.65873322	1
12	18.76648922	5
12	19.66444822	1
12	19.79822922	1
12	19.92784922	2
12	20.05955022	1
12	20.31097822	2
12	20.45465222	1
12	20.63520822	7
12	21.61601222	2
12	21.75968622	1
12	21.96322322	1
12	22.27451622	1
12	22.50199922	1
12	22.60975422	
12	23.48376722	6
12	23.69927822	1
12	24.01057022	2
12	24.23805322	2
12	24.29119422	1
12	24.35778122	1
12	24.52312722	1
12	24.77682922	1
12	24.87261122	8
12	25.60295122	1
12	25.73520622	2
12	25.88671622	1
12	26.00582122	1
12	26.04594422	2
12	26.27342722	2
12	26.52874722	7
12	28.09329122	2
12	28.36866522	1
12	28.62009422	1
12	28.73304122	1
12	29.23070622	3
12	30.29628522	1
12	30.38440322	1
12	30.59651722	2
12	31.20621622	1
12	31.35759122	3
12	32.59506022	1
12	32.88134922	2
12	33.90446822	1
12	34.20039122	2
12	35.41247022	1
12	35.71116122	1
12	35.81574022	2
12	36.16272222	1
12	36.28267922	1
12	36.35451622	2
12	36.64186322	1
12	36.71369922	1
12	36.85737322	5
12	37.14472022	1
12	37.28839322	1
12	37.62363122	1
12	37.84378222	2
12	38.04267922	2
12	38.19832522	1
12	38.36594422	4
12	39.52730522	1
12	39.62012722	2
12	39.79070622	1
12	39.97029822	1
12	40.22183822	1
12	40.96404022	1
12	41.03587622	1
12	41.34246222	1
12	41.45492422	2
12	41.64648922	1
12	42.05356322	1
12	42.12540022	1
12	42.44866522	20
12	43.71778122	1
12	43.87342722	1
12	43.99315522	5
12	44.34292322	2
		1
		2
12	44.65165922	2
12	45.22635322	1
12	45.67792422	2
12	45.89682922	2
12	46.06444822	1
12	46.32784922	9
		
		
		
2129		