passage	time	value
1	0.046	8.65
1	0.562721	14.56
1	0.784543	10.69
1	1.256929	16.35
1	1.352925	13.79
1	1.616327	13.28
1	2.310749	9.86
1	2.799918	16.21
1	2.938712	10.08
1	3.30449	14.4
1	3.484082	13.3
1	3.654596	9.75
1	4.106667	15.08
1	4.274286	16.96
1	4.398799	12.88
1	4.785961	16.19
1	4.908844	16.21
1	5.034329	12.03
1	5.435647	11.99
1	5.890613	16.35
1	6.051306	14.12
1	7.147755	12.15
1	7.380186	14.78
1	7.4995	10.74
1	7.957925	13.1
		13.53
1	8.261225	6.48
1	8.560545	13.24
1	8.776055	16.96
1	8.88381	12.16
1	9.231021	13.3
1	9.31483	9.75
1	9.709932	14.56
1	9.961361	11.54
1	10.811429	14.57
1	10.926947	15.37
1	11.014966	13.53
1	11.29034	13.96
1	11.422041	10.46
1	11.928449	14.78
1	12.033452	8.44
1	12.882923	15.9
1	13.013482	15.37
1	13.777672	16.19
1	13.943927	14.1
1	14.110704	15.68
1	14.226852	16.96
1	14.407012	13.43
1	14.726531	16.21
1	14.822313	16.18
1	15.034115	12.16
1	15.430794	12.07
1	15.847213	8.65
1	16.232225	12.45
1	16.567652	10.46
1	17.109154	14.78
1	17.266659	8.44
1	19.526536	14.05
1	19.721958	13.1
1	19.926131	14.56
1	20.17415	10.29
1	20.928436	15.9
1	21.024218	13.3
1	21.269652	12.56
1	21.50313	11.78
1	22.165075	14.79
1	22.413062	13.22
1	22.641249	14.79
1	22.736327	13.1
1	22.927891	13.21
1	23.382857	15.42
1	23.51412	16.96
1	23.598368	10.85
1	23.897687	12.38
1	24.161089	12.51
1	24.364626	13.3
1	24.483259	12
1	24.735783	13.28
1	25.059048	7.09
1	25.541189	16.19
1	25.680794	10.72
1	26.878912	11.63
1	27.142313	16.96
1	27.314162	9.73
1	27.776871	16.21
1	27.884626	11.69
1	28.255783	16.18
1	28.376346	7.19
1	28.818504	10.06
1	29.297415	14.06
1	29.477007	14.95
1	29.608708	11.31
1	29.872109	16.96
1	29.95905	10.81
1	30.36463	16.21
1	30.458776	11.99
1	30.840804	13.74
1	31.021497	16.19
1	31.177122	9.07
1	31.512381	16.96
1	31.586956	5.7
1	32.833264	13.76
1	33.035638	9.96
1	34.074558	16.18
1	34.190765	11.92
1	34.565443	8.66
1	34.972517	14.97
1	35.140136	9.48
1	35.511293	10.97
1	35.945261	10.34
1	36.157823	11.35
1	36.564898	14.4
1	36.768436	0
1	38.468572	14.09
1	38.632328	14.56
1	38.80381	11.99
1	39.174966	14.05
1	39.468477	13.28
1	40.04898	8.36
1	40.773225	14.5
1	40.934966	15.48
1	41.820953	10.91
1	42.042964	12.85
1	42.204082	8.65
1	42.611157	13.39
1	42.802721	15.37
1	42.900757	14.05
1	43.133433	13.28
1	43.473198	13.09
1	43.784524	13.9
1	43.954431	16.21
1	44.059864	16.96
1	44.155647	13.1
1	44.466939	16.35
1	44.632655	11.41
1	44.802177	16.96
1	44.909932	8.66
1	45.258174	12.79
1	45.496599	16.35
1	45.689575	11.24
1	46.805793	11.64
1	46.935658	10.29
1	47.651701	11.64
1	47.771429	10.29
1	48.307503	15.79
1	48.372361	11
1	48.573606	14.95
		12.87
1	48.718395	10.92
1	50.06082	13.76
1	50.180945	13.1
1	50.361373	12.07
1	50.602707	15.37
1	50.724997	13.02
1	51.051973	8.92
1	51.722449	15.37
1	51.818232	9.388
1	52.213334	16.35
1	52.333062	13.3
1	52.553259	15.48
1	52.92836	13.1
1	53.150214	9.63
1	53.386667	16.35
1	53.557126	14.92
1	53.793742	9.12
1	54.12898	14.5
1	54.368436	14.99
1	54.691701	14.57
1	54.823402	14.5
1	55.050885	16.96
1	55.146667	13.58
1	55.626219	15.37
1	55.734441	14.35
1	55.885951	10.54
1	56.195464	11.95
1	56.439728	10.72
2	0.479839572	14.57
2	0.592424402	13.76
2	0.810806402	16.96
2	0.912952402	8.66
2	1.415810402	12.19
2	1.918667402	11.38
2	2.385605402	16.18
2	2.557777402	10.95
2	3.211728402	13.9
2	3.431803402	16.21
2	3.595218402	12.87
2	3.790771402	4.078
2	4.384907402	9.28
2	5.637331402	16.19
2	5.747717402	11.07
2	6.073224402	14.5
2	6.286257402	15.37
2	6.887374402	16.19
2	6.992943402	13.47
2	7.150775402	6.41
2	7.541223402	15.08
2	8.467782402	8.65
2	8.946694402	11.5
2	9.365741402	16.35
2	9.557306402	13.3
2	9.696188402	10.6
2	10.1080544	15.42
2	10.3256874	15.37
2	10.4425664	6.98
2	10.8503674	11.04
2	11.3053334	13.3
2	11.3771704	11.78
2	12.1913204	15.48
2	12.3150514	13.1
2	12.4278374	13.53
2	12.5354954	12.62
2	12.9096874	12.75
2	13.3209554	11.99
2	13.7505944	16.18
2	13.8315924	8.66
2	14.2027484	14.97
2	14.3713834	12.17
2	14.7563734	16.18
2	14.8570194	4.078
2	15.2922724	9.28
2	15.8430204	14.78
2	16.1249724	16.18
2	16.1782584	10.95
2	16.5853334	16.35
2	16.7050614	12.71
2	16.9804354	13.9
2	17.1816424	16.21
2	17.3169194	15.37
2	18.0100954	16.19
2	18.2734974	9.2
2	18.6566264	14.97
2	18.8172454	8.44
2	20.0813884	13.1
2	20.2968984	10.34
2	20.5483274	11.04
2	20.9434294	16.96
2	21.0392114	11.29
2	21.4103674	12.93
2	21.8665724	15.37
2	22.4041094	16.19
2	22.5977474	8.927
2	23.5894154	14.56
2	23.8647894	13.84
2	24.2479184	15.9
2	24.3796194	13.58
2	24.6888614	16.35
2	24.7866944	13.27
2	24.9782584	15.37
2	25.1339054	10.04
2	25.4691434	12.59
2	25.6916714	16.18
2	25.7988114	11.81
2	26.1875104	8.66
2	26.5227484	10.16
2	26.8220684	12.43
2	27.1009914	16.96
2	27.2092134	6.68
2	28.6539054	15.9
2	28.8555384	12.56
2	29.2764904	10.68
2	29.8392114	12.59
2	30.1744494	11.66
2	30.3537254	8.65
2	30.7611164	12.93
2	31.1847124	15.37
2	31.7069664	12.62
2	31.9823404	12.15
2	32.3775904	10.29
2	33.1915924	13.52
2	33.4658944	15.9
2	33.5866944	16.96
2	33.6705034	12.6
2	34.0775784	13.1
2	34.2451974	14.56
2	34.4726804	16.35
2	34.5684634	13.79
2	34.7251894	13.9
2	34.9359684	12.43
2	36.4990384	16.96
2	36.5866974	8.66
2	36.9630204	10.16
2	37.1545854	11.66
2	37.3092894	10.66
2	37.6848174	15.08
2	37.8729524	13.87
2	38.0506054	16.18
2	38.1270404	8.92
2	38.5314564	15.42
2	38.7110484	13.86
2	39.0103674	13.1
2	39.6090074	16.19
2	39.7885994	13.47
2	40.0041094	6.79
2	40.2555374	9.96
2	40.8422044	12.59
2	41.4528164	14.05
2	41.7985404	9.96
2	42.7219324	15.48
2	42.8468034	8.65
2	43.2607074	13.53
2	43.4437824	14.77
2	43.6191014	16.18
2	43.6677824	10.68
2	44.2065584	16.35
2	44.2903674	13.39
2	44.5548144	14.08
2	44.8416004	8.88
2	45.3433954	9.88
2	45.8588034	12.75
2	46.1940414	13.1
2	46.4215244	12.21
2	46.6729524	9.88
2	47.1039734	9.5
2	47.4631564	12.59
		14.1
		10.54
		16.35
		14.95
2	47.6700554	16.18
2	47.7624764	13.28
2	48.1934974	10.66
2	48.5287354	13.22
2	50.2168984	12.17
2	50.5641094	16.96
2	50.6958104	13.22
2	50.9951294	14.56
2	51.1747214	13.28
2	51.5339054	10.66
2	52.1325444	14.78
2	52.1874444	13.1
2	52.4438374	9.73
2	52.6592904	13.28
2	52.9445924	10.09
2	54.0841094	15.42
2	54.2320244	13.1
2	54.3954014	13.53
2	54.5989394	10.03
2	55.1504224	16.21
2	55.3053334	13.58
2	55.6284084	14.79
2	55.7602994	13.1
2	55.9398914	11.66
2	56.1793474	12.59
2	56.8617964	16.35
2	56.9934974	12.44
2	57.2449254	14.08
2	57.6156304	13.3
2	57.8794834	16.19
2	58.0111844	16.35
2	58.1660754	10.86
2	58.5156304	14.1
2	58.6816604	14.56
2	58.8612524	12.63
2	59.1485994	16.35
2	59.2511584	11.1
2	59.6873744	12.14
3	0.478723402	13.16
3	0.986269787	13.1
3	1.201780787	11.69
3	1.501099787	16.35
3	1.604642787	12.44
3	1.836337787	12.59
3	2.183548787	16.19
3	2.315249787	13.16
3	2.602596787	13.9
3	2.842052787	14.1
3	2.961780787	13.1
3	3.143827787	14.56
3	3.332936787	11.2
3	3.716065787	16.35
3	4.506269787	14.57
3	4.611587787	15.37
3	4.721780787	14.56
3	4.889399787	12.87
3	5.057018787	11.17
3	5.308446787	16.35
3	5.446654787	13.27
3	5.695563787	12.28
3	7.200147787	13.47
3	7.403684787	13.1
3	7.667086787	11.07
3	7.913297787	14.5
3	8.026269787	16.96
3	8.110079787	10.03
3	8.487551787	16.21
3	8.565045787	16.96
3	8.667198787	13.22
3	9.522868787	16.19
3	9.679748787	10.53
3	10.07361679	15.48
3	10.20531779	14.3
3	10.33701879	13.41
3	10.46871879	9.85
3	10.80395679	14.97
3	10.97157679	4.96
3	11.55766779	16.19
3	11.76178079	5.43
3	14.07252879	13.08
3	14.32043479	16.19
3	14.47960379	14.09
3	14.75497779	13.1
3	15.00640579	11.37
3	15.24713779	9.36
3	15.78066979	16.19
3	15.90436579	10.46
3	16.37130379	9.05
3	16.54214579	13.74
3	16.72362579	15.08
3	16.91007979	6.36
3	18.27497779	13.1
3	18.45456979	11.38
3	18.69402479	12.59
3	18.96623079	16.18
3	19.05320879	7.99
3	19.47225679	14.45
3	19.63987579	14.17
3	19.80749479	16.21
3	19.89130379	16.96
3	19.98708679	8.02
3	20.45402479	14.79
3	20.52586179	13.1
3	20.72939979	10.32
3	21.66327679	15.37
3	21.80789779	14.56
3	22.00702479	7.84
3	22.57196479	9.51
3	23.11249479	5.46
3	24.33320879	14.57
3	24.46490979	16.35
3	24.54871879	13.3
3	24.69239279	12.47
3	25.04467379	7.72
3	25.78191679	15.37
3	25.90463179	14.56
3	26.10518179	9.87
3	27.24259679	13.1
3	27.42218879	12.85
3	27.57783479	14.77
3	27.76956379	13.87
3	27.93701879	16.35
3	28.03280079	10.76
3	28.35606579	16.96
3	28.45184879	7.99
3	28.70327679	15.42
3	28.87089579	10.45
3	29.17021579	16.21
3	29.24205279	10.06
3	29.61320879	10.42
		8.56
3	30.41538579	14.05
3	30.57975079	13.1
3	30.75062379	10.01
3	31.20558979	16.35
3	31.28939979	12.32
3	31.48191579	15.37
3	31.60636979	13.24
3	31.94790279	14.17
3	32.11244379	16.21
3	32.21130379	16.96
3	32.30183079	4.96
3	32.80994379	14.79
3	32.89375279	13.1
3	33.09729079	9.73
3	33.31280079	11.4
3	33.74353779	15.37
3	35.74327679	13.22
3	36.53985379	12.07
3	36.69745379	8.65
3	37.12014779	16.35
3	37.25262979	9.88
3	37.91008579	12.93
3	38.25314779	12.82
3	38.52478379	16.18
3	38.58082779	10.74
3	38.85445579	14.79
3	39.05973979	14.99
3	39.34469879	15.79
3	39.40695079	11
3	39.61048779	13.39
3	39.88586179	11.99
3	40.47252879	16.21
3	40.55633779	6.31
3	41.02327679	12.59
3	41.27470579	8.63
3	42.67552179	13.52
3	43.00499679	8.62
3	43.52558979	14.3
3	43.66323679	14.35
3	43.76783279	14.35
3	43.95661079	13.39
3	44.25592979	14.08
3	44.37565779	14.5
3	44.51420779	12.16
3	45.42502979	12.8
3	45.72658979	15.79
3	45.81239279	14.06
3	46.00234879	14.77
3	46.11171279	12.79
3	46.32722279	12.28
3	46.81303279	14.08
3	47.10374579	15.37
3	47.24876179	13.1
3	47.52689079	14.65
3	47.68014779	15.79
3	47.82382079	9.73
3	48.07625279	12.65
3	48.25484179	16.96
3	48.36628679	11.67
3	48.66191679	16.21
3	48.74572579	16.96
3	48.86911379	11.55
3	50.01484179	13.8
3	50.24312279	14.56
3	50.42191679	13.28
3	50.68426379	11.18
3	51.08674579	0
3	52.75661079	12.59
3	53.76232479	12.59
3	54.89973979	12.59
3	55.98926379	14.06
3	56.08979379	16.96
3	56.15689079	10.74
3	56.43225679	12.62
3	57.00927379	12.35
3	57.28232479	16.35
3	57.45149679	14.27
3	57.59651379	12.33
3	58.81484179	15.79
3	58.99095979	10.86
3	59.42545379	13.52
3	59.71888679	13.07
3	59.94028379	10.48
3	60.45575679	15.79
3	60.56654879	14.92
3	60.64667879	9.87
3	61.05375279	14.4
3	61.26926379	14.99
3	61.59139379	13.58
3	62.07143979	13.1
3	62.26300479	12.77
3	62.53837879	7.15
		15.79
4	0.398385787	12.63
4	0.689427631	14.95
4	0.840937631	11.99
4	1.126349631	10.71
4	1.542891631	11.27
4	1.772879631	16.96
4	1.844716631	11.38
4	2.251791631	16.21
4	2.347573631	16.96
4	2.485197631	11.03
4	3.125805631	13.87
4	3.353288631	14.08
4	3.473015631	13.27
4	3.808254631	15.48
4	3.990834631	14.06
4	4.155464631	14.95
4	4.632185631	11.35
4	5.077369631	9.7
4	5.460498631	10.48
4	5.903492631	12.59
4	6.262675631	15.79
4	6.346485631	13.39
4	7.172607631	15.42
4	7.253283631	15.43
4	7.388559631	13.27
4	7.699410631	8.65
4	8.094512631	13.53
4	8.250158631	8.86
4	8.465668631	12.05
4	8.860771631	12.48
4	9.219954631	16.21
4	9.339682631	14.99
4	9.567165631	11.28
4	9.794648631	15.9
4	9.926349631	13.3
4	10.08199563	12.24
4	10.51044763	15.9
4	10.60879863	16.96
4	10.72852663	11.69
4	11.11381763	11.35
4	11.74621363	16.19
4	11.95457563	12.2
4	12.06387963	14.99
4	12.28498863	14.56
4	12.44063463	14.77
4	12.64462563	16.18
4	12.75192763	13.28
4	13.24281163	13.35
4	13.47324963	10.93
4	14.23655363	15.42
4	14.41614563	10.12
4	14.85699863	12.65
4	15.11056663	13.3
4	15.19437663	11.34
4	15.75709763	14.79
4	15.93668963	14.09
4	16.09233563	14.56
4	16.27192763	13.96
4	16.43954663	14.17
4	16.58322063	16.35
4	16.77246763	10.43
4	17.08607763	16.35
4	17.28976663	13.3
4	18.00798163	12.8
4	18.31422063	15.37
4	18.42702963	14.56
4	18.61859463	13.35
4	18.79818563	10.7
4	19.31301563	16.35
4	19.38505963	12.79
4	19.67375863	15.37
4	19.78522663	13.02
4	20.63002263	12.19
4	21.12090763	15.48
4	21.36644463	15.68
4	21.43219963	14.08
4	21.71954663	16.96
4	21.81532863	12.87
4	22.11464863	10.3
4	23.18022663	14.57
4	23.34784563	13.47
4	23.51076263	15.79
4	23.65036763	10.86
4	24.00634963	14.1
4	24.17712863	7.96
4	24.82182563	14.78
4	24.94022663	6.95
4	25.57799163	15.79
4	25.70940763	14.92
4	25.77832263	12.61
4	26.11436663	16.35
4	27.16716563	8.65
4	27.59113663	13.53
4	28.00526063	14.77
		16.96
		8.06
4	28.35477763	11.8
4	28.68770963	14.1
4	28.84335663	7.24
4	29.40607763	14.56
4	30.17233563	14.78
4	30.31600963	6.95
4	30.89070263	12.17
4	31.93233563	14.57
		13.1
4	32.08798163	12.07
4	32.31546463	14.3
4	32.43519263	13.41
4	32.55492063	11.64
4	32.89015863	10.01
4	33.27328863	11.51
4	33.70494363	16.35
4	33.81316563	12.79
4	35.16498863	8.85
4	35.61995463	13.1
4	35.85941063	10.61
4	36.26648563	12.43
4	37.59546463	15.79
4	37.73208963	10.86
4	38.12817963	14.65
4	38.24181263	15.79
4	38.40054563	11
4	38.79274363	10.74
4	39.11600963	12.87
4	39.35546463	12.63
4	39.88226763	16.96
4	40.07216363	11.03
4	41.04362863	13.52
4	41.40281163	10.51
4	41.69015863	15.37
4	41.80957263	14.35
4	41.92961463	11.71
4	42.24090763	16.35
4	42.33668963	12.35
4	42.57203263	13.9
4	42.72981063	11.01
4	43.04308363	16.96
4	43.15083963	13.55
4	43.66566863	15.48
4	43.83328863	10.41
4	44.10866263	14.97
4	44.25233563	14.09
4	44.41995463	9.79
4	44.81505663	6.49
4	46.10811763	16.96
4	46.25192363	4.47
4	47.24553263	15.79
4	47.56879863	13.39
4	48.95285963	13.1
4	49.10869863	14.56
4	49.35274363	11.89
4	49.69995463	10.15
4	49.96335663	14.09
4	50.09505663	14.56
4	50.44226763	13.96
4	50.56199563	14.17
4	50.76290263	9.83
4	51.24444463	14.99
4	51.45995463	13.58
4	51.92689363	14.79
4	52.06513863	15.37
4	52.20226763	12.85
4	52.37652063	14.77
4	52.48961463	11.71
4	52.87317663	14.5
4	52.97145863	14.35
4	53.21995463	16.96
4	53.33968263	12.87
4	53.61505663	11.84
4	55.17151963	14.57
4	55.23582963	15.79
4	55.40110663	11
4	55.60253963	14.92
4	55.77015863	16.35
4	55.92580563	11.84
4	56.21315163	13.59
4	56.38657763	14.1
4	56.57233563	16.96
4	56.73995463	12.6
4	56.96743763	16.21
4	57.03927463	16.96
4	57.11111163	11.58
4	57.60199563	15.68
4	57.86539663	15.43
4	57.99709763	13.59
4	59.03873063	13.27
4	59.37396863	11.07
4	60.03247163	15.68
4	60.27228563	14.99
4	60.51457663	13.47
4	60.62911563	9.54
4	61.23515563	14.78
4	61.40908963	10.48
4	63.22920663	16.19
4	63.28054363	13.1
4	63.46866263	11.69
4	63.74156763	16.35
4	63.80390063	3.332
4	64.32668563	14.79
4	64.41084863	13.1
4	64.56802363	9.44
4	65.36036263	8.9
4	65.79138363	0
4	66.51241563	14.79
4	66.65526763	15.43
4	66.73779663	14.91
4	66.85223063	9.5
4	67.25244963	12.63
4	67.44362863	16.96
4	67.65913863	11.3
4	68.03985163	14.12
4	68.15456663	15.43
4	68.26278763	13.39
4	68.43736963	15.43
4	68.59301563	13.21
4	68.76063463	9.8
4	69.12991863	15.37
5	0.561145631	16.19
5	0.689847173	14.1
5	0.936113173	14.27
5	1.115705173	9.29
5	1.618562173	12.57
5	1.858018173	10.61
5	2.107547173	13.1
5	2.220976173	14.35
5	2.312984173	13.39
5	2.528494173	14.08
5	2.648222173	15.42
5	2.847481173	10.92
5	4.108902173	13.96
5	4.527950173	15.37
5	4.666011173	14.35
5	4.803324173	12.62
5	5.126589173	14.12
5	5.261374173	16.35
5	5.371760173	11.84
5	6.383732173	11.6
5	6.833959173	15.79
5	6.910535173	11
5	7.113220173	13.27
5	7.305637173	15.37
5	7.437338173	11.55
5	7.704109173	13.74
5	7.877263173	10.71
5	9.664277173	12.59
5	10.26291617	12.59
5	10.81366417	12.59
5	11.98699817	14.09
5	12.15461717	14.56
5	12.32223617	11.99
5	12.71894017	12.08
5	13.01979617	16.35
5	13.13638517	14.12
5	13.45965117	14.05
5	13.66318817	8.65
5	14.08223617	11.41
5	14.32169217	10.61
5	14.64495717	11.27
5	15.19176917	12.43
5	16.79702417	13.065272
5	17.12403517	14.35
5	17.31648717	10.34
5	17.64764417	14.08
5	17.80577317	13.28
5	18.18890217	13.09
5	18.56005917	9.5
5	18.92607117	15.79
5	19.00305217	13.3
5	19.31350417	13.39
5	20.90959317	13.065272
5	21.25590217	14.56
5	21.48749517	16.96
5	21.59138817	10.56
5	23.12299917	15.79
5	23.22256217	11.92
5	23.45848517	14.3
5	23.56870017	14.35
5	23.64895517	11.87
5	24.04359617	13.3
5	24.15261217	7.15
5	24.61147117	16.21
5	24.73801817	9.63
5	25.07249417	14.5
5	25.18504417	9.07
5	25.48033117	13.58
5	26.76141917	13.065272
5	27.09665817	14.39
5	27.26427717	10.29
5	27.51271417	15.79
5	27.59951517	11.22
5	27.92278017	15.43
5	28.03053517	13.41
5	28.13829017	12.59
5	28.47352817	13.08
5	28.66509317	14.97
5	29.01230417	14.08
5	29.89829017	14.09
5	30.06590917	14.91
5	30.10182817	13.96
5	30.34671017	8.34
5	30.73638517	15.9
5	30.82019517	16.96
5	30.97584117	11.3
5	31.20165917	15.79
5	31.26007417	13.213
5	31.34018317	10.06
5	31.75407217	14.57
5	31.96958317	15.43
5	32.06536517	12.53
5	32.33718017	10.03
5	32.58019517	16.18
5	32.65203217	8.77
5	33.74155517	16.19
5	33.84931117	15.48
5	34.00050617	15.68
5	34.10073917	13.28
5	34.37743117	13.87
5	34.69127317	16.18
5	34.74727017	10.54
5	35.16631717	15.43
5	35.25538517	13.59
5	36.35162417	14.57
5	36.51924317	14.12
5	36.62699817	9.78
5	37.15380017	10.48
5	37.40522917	8.26
5	37.79375817	15.79
5	37.86302017	10.86
5	39.51244017	16.19
5	39.71597717	13.08
5	39.96740617	8.65
5	40.43434517	10.61
5	40.82944717	16.35
5	40.94917517	13.79
5	41.15271217	11.89
5	41.40025117	7.09
5	42.38590917	16.19
5	42.55092317	11.66
5	42.81693017	15.08
5	43.00849417	11.47
5	43.42754217	16.35
5	43.58318817	9.88
5	44.13393617	15.9
5	44.21774617	16.18
5	44.27761017	6.33
5	44.64876617	11.28
5	44.91805217	16.21
5	45.09176017	13.1
5	45.91788217	14.12
5	46.06006617	9.78
5	46.48862317	10.48
5	46.68414117	8.26
5	47.54618117	14.12
5	47.66590917	9.78
5	48.07298417	10.48
5	48.30372817	8.26
5	49.13856217	16.19
5	49.29685017	11.32
5	50.07342517	14.12
5	50.22493517	8.26
5	50.54743517	10.48
5	50.72426417	9.78
5	51.94933017	15.42
5	52.06188017	15.43
5	52.15258617	13.27
5	52.55080717	14.79
5	52.68250817	13.1
5	52.86210017	13.21
5	53.06778617	14.77
5	53.20374417	11.6
5	53.68822217	12.17
5	54.05937917	12.12
5	54.89747417	15.37
5	55.07706617	12.85
5	55.27152717	14.77
5	55.40033117	13.09
5	55.61174417	11.61
5	55.97502517	13.8
5	56.19053517	13.1
5	56.33420917	13.1
5	56.54971917	12.32
5	56.80114717	15.37
5	57.93856217	13.1
5	58.13012717	10.82
5	58.35761017	15.48
5	58.50128317	13.1
5	58.71679417	14.56
5	58.93230417	5.09
5	59.36332417	12.65
5	59.68658917	16.19
5	59.85420917	13.53
5	60.03380017	13.84
5	60.41693017	8.9
5	60.81203217	16.35
5	60.91978717	10.39
5	61.26699817	15.48
5	61.38672617	13.1
5	61.59026317	14.56
5	61.75788217	9.83
5	62.17693017	11.73
5	62.51541617	15.9
5	62.64386817	11.73
5	62.95516117	14.97
5	63.13475317	12.85
5	63.94890217	16.19
		14.56
5	64.08588317	11.47
5	64.54754217	16.35
5	64.69121517	13.3
5	64.85883417	13.28
5	65.31380017	5.79
6	0.323245298	13.3
6	0.568708743	12.85
6	1.039808743	12.21
6	1.422937743	14.08
6	1.590556743	16.96
6	1.730401743	10.87
6	2.380761743	12.85
6	2.600501743	15.43
6	2.847699743	12.07
6	3.206883743	10.48
6	3.379041743	16.18
6	3.534880743	8.77
6	4.739400743	13.76
6	4.967131743	9.96
6	5.972597743	6.65
6	6.738856743	6.65
6	7.229740743	12.59
6	7.529060743	13.1
6	7.756543743	11.65
6	8.211509743	11.27
6	8.566976743	16.18
6	8.654502743	8.37
6	8.917903743	16.21
6	9.013686743	8.54
6	9.469543743	16.19
6	9.612325743	9.87
6	9.839808743	9.9
6	10.90538674	16.19
6	11.07300574	16.96
6	11.14484274	10.74
6	11.48008074	14.56
6	11.67207674	13.02
6	13.28797174	8.65
6	13.68307374	14.56
6	13.85069374	14.77
6	14.05370274	16.18
6	14.13803974	11.98
6	14.35355074	10.24
6	15.04797174	16.19
6	15.20361874	13.1
6	15.37123774	8.71
6	15.73042074	13.74
6	15.93395874	10.53
6	16.07763174	13.3
6	16.22130574	10.6
6	16.55654374	15.9
6	16.69133574	16.18
6	16.74810774	10.68
6	18.05314174	13.1
6	18.26865274	11.07
6	18.55599974	13.74
6	18.87926474	14.57
6	19.01096574	15.37
6	19.08280174	14.56
6	19.22870174	14.35
6	19.48987674	11.17
6	19.88497874	9.05
6	20.95055674	12.75
6	21.44144174	13.3
6	21.58511474	14.56
6	21.83654374	12.56
6	22.18375474	12.52
6	22.45912874	9.1
6	23.41695174	16.19
6	23.54865274	16.96
6	23.62048874	11.92
6	23.90783574	8.66
6	24.24307374	14.56
6	24.37477474	12.8
6	24.74547574	15.9
6	24.86565874	9.57
6	25.26076174	5.02
6	25.79953674	12.59
6	26.09885674	15.37
6	27.21232574	14.09
6	27.36797174	14.56
6	27.53559074	14.77
6	27.73374674	16.18
6	27.79899274	10.68
6	28.20606774	16.35
6	28.28987674	14.95
6	28.40175074	11.27
6	29.27164574	11.92
6	29.58293774	11.66
6	29.81042074	8.65
6	30.22946874	13.87
6	30.39708774	16.96
6	30.50484274	10.07
6	31.00769974	16.19
6	31.18729174	14.56
6	31.45069374	13.84
6	31.81344474	15.9
6	31.92960474	13.58
6	32.19300574	16.35
6	32.30076174	11.41
6	32.52554174	15.37
6	32.67191774	12.79
6	33.06599374	14.79
6	33.22616174	15.37
6	33.34239374	10.84
6	33.62874474	16.96
6	33.70157774	10.05
6	34.63545474	11.64
6	34.88114474	14.39
6	35.05450274	9.41
6	35.33567474	16.19
6	35.47355074	6.08
6	36.08416274	13.52
6	36.21586374	10.92
6	36.47340974	15.37
6	36.59766974	15.68
6	36.72226874	11.99
6	37.65259774	13.1
6	37.85613574	14.56
6	38.02375474	11.35
6	38.35899274	11.08
6	38.77555674	15.37
6	38.90974074	13.76
6	39.02946874	13.1
6	39.22103374	10.84
6	39.52035274	16.96
6	39.59218974	10.05
6	40.35844874	14.57
6	40.50212174	16.96
6	40.60987674	8.66
6	40.98103374	14.56
6	41.20851674	13.96
6	41.43599974	11.2
6	41.75926474	16.35
6	41.92688374	14.95
6	42.06820674	11.99
6	43.01640774	13.1
6	43.25586374	12.21
6	43.55518274	9.88
6	44.05803974	15.9
6	44.17776774	16.18
6	44.23832374	12.52
6	44.72851674	11.36
6	45.13559074	10.42
6	45.55463874	13.8
6	45.87790374	14.56
6	46.06946874	8.59
6	46.30892474	13.74
6	46.69205374	14.4
6	46.88361874	16.18
6	46.99137374	9.55
6	47.26674774	16.21
6	47.36252974	7.37
6	47.79355074	9.29
6	48.09286974	14.45
6	48.30838074	16.96
6	48.44008074	8.64
6	49.61341474	14.09
6	49.79300574	13.41
6	49.91273374	9.43
6	50.40361874	14.35
6	50.58770274	10.76
6	50.91844874	16.96
6	50.99028474	10.42
6	51.88824474	14.57
6	52.05586374	14.3
6	52.23545474	13.41
6	52.38352774	14.35
6	52.61858474	9.27
6	53.51654374	16.19
6	53.64538874	13.76
6	53.85178174	8.65
6	54.21382874	13.53
6	54.30674774	13.51
6	54.46057374	14.35
6	54.71382274	16.96
6	54.79763174	13.1
6	54.95327874	12.59
6	55.24062474	14.17
6	55.46810774	11.63
6	55.86321074	16.19
6	55.94456674	13.74
6	56.17450274	16.96
6	56.32334174	13.71
6	56.61749574	11.98
6	57.04851674	12.35
6	57.40769974	10.89
6	58.34157774	13.1
6	58.54511474	9.61
6	58.85640774	8.49
6	59.41912874	12.59
6	59.70647574	16.96
6	59.77831274	10.72
6	60.64035274	10.64
6	61.19110174	13.52
6	61.38266574	13.1
6	61.56225774	14.56
6	61.82565874	12.07
6	62.10103374	16.35
6	62.26865274	13.79
6	62.43627174	13.9
6	62.66375474	12.43
7	0.586736359	9.96
7	1.179532195	13.1
7	1.418988195	11.65
7	1.694362195	11.27
7	2.051148195	16.18
7	2.304974195	12.57
7	2.747968195	12.01
7	2.999396195	6.22
7	3.370553195	10.93
7	4.256539195	14.35
7	4.460076195	12.51
7	4.711505195	16.21
7	4.795315195	10.1
7	5.274226195	9.94
7	6.507423195	14.09
7	6.639124195	14.56
7	6.806743195	11.99
7	7.201845195	15.08
7	7.440325195	15.37
7	7.668784195	14.57
7	7.974939195	16.18
7	8.068009195	9.67
7	8.494906195	9.77
7	8.937900195	11.47
7	9.835859195	16.19
7	10.03939619	12.9180065
7	10.56619919	13.16
7	11.02116519	11.8
7	11.60783219	14.56
7	11.75150519	15.48
7	11.92477219	14.99
7	12.05082519	12.53
7	12.30225319	9.6
7	12.69735519	16.35
7	12.86497419	14.17
7	13.03259319	16.21
7	13.12837619	16.96
7	13.20021319	9.43
7	13.55939619	16.21
7	13.65517919	16.96
7	13.75074419	10.42
7	15.16375019	14.57
7	15.29534219	8.38
7	15.87014419	12.17
7	16.21522319	16.96
7	16.32511019	8.79
7	16.79204919	13.41
7	16.92948519	12.87
7	17.13926019	11.81
7	17.50658319	14.78
7	17.59422619	16.96
7	17.69000819	11.47
7	17.96538319	14.56
7	18.18089319	12.87
7	18.33653919	11.98
7	19.29436219	14.57
7	19.43644819	14.5
7	19.57064319	13.95
7	19.88102919	11.38
7	20.14443019	15.37
7	20.25218519	14.06
7	20.40783219	14.77
7	20.60956819	11.88
7	20.92266119	13.95
7	21.19803619	16.21
7	21.32973619	13.59
7	22.42431519	12.35
7	22.98273719	15.08
7	23.13762719	16.96
7	23.22143719	11.92
7	23.65245719	13.58
7	23.97572319	10.76
7	24.33490619	13.1
7	24.56238919	11.65
7	24.86931419	11.27
7	25.22428019	16.18
7	25.32304019	11.36
7	25.63994019	7.58
7	26.17871619	13.1
7	26.40619919	13.53
7	26.64565519	14.77
7	26.83721919	10.53
7	27.26824019	12.75
7	28.32184519	16.19
7	28.52538319	11.08
7	28.97931419	15.37
7	29.14796819	14.56
7	29.28449919	16.18
7	29.37540519	12.57
7	29.71068919	10.89
7	30.23749119	14.08
7	30.57369419	8.53
7	31.08755919	9.55
7	31.47068919	12.13
7	32.57218519	13.1
7	32.77572319	11.69
7	33.15885219	16.96
7	33.24266119	12.57
7	33.56592719	9.77
7	33.94905619	11.47
7	34.20832419	15.9
7	34.32021319	16.96
7	34.39204919	9.81
7	35.06252519	16.19
7	35.24211719	16.35
7	35.37381819	13.3
7	35.55341019	12.47
7	36.15204919	8.07
7	36.60701519	15.37
7	36.81055319	7.94
7	38.83395419	8.65
7	39.28013419	10.09
7	39.71994019	16.96
7	39.80375019	10.89
7	40.31858019	16.19
7	40.55803619	12.21
		15.48
7	40.83341019	15.37
7	40.93295319	10.06
7	41.19259319	13.24
7	41.54468219	16.18
7	41.59966819	11.98
7	42.04266119	9.1
7	43.41953219	14.77
7	43.64701519	13.09
7	43.91041719	10.44
7	44.25762719	13.46
7	44.42524719	16.18
7	44.53300219	8.91
7	44.85626719	10.16
7	45.89790019	13.1
7	46.13735519	7.07
7	46.50851219	12.59
7	46.96347819	16.19
7	47.13082219	11.07
7	47.40647119	11.44
7	47.68184519	16.96
7	47.75368219	9.1
7	48.65164119	13.24
7	48.95096119	16.96
7	49.12994919	3.95
7	49.98056919	9.33
7	50.33980419	15.43
7	50.57926019	12.07
7	50.86934519	11.37
7	52.20755919	13.52
7	52.35123319	13.1
7	52.58276819	6.21
7	53.05762719	16.35
7	53.15341019	13.79
7	53.34497419	13.9
7	53.50062119	16.21
7	53.62034919	15.48
7	53.79994019	11.17
7	54.19504219	10.42
7	54.66198119	16.19
7	54.84157319	7.83
7	55.27451119	14.08
7	55.67966819	11.01
7	56.01490619	12.94
7	56.32619919	7.79
7	56.68538319	16.21
7	56.82905619	9.53
7	57.17626719	9
7	57.79885219	16.19
7	57.90660719	12.94
7	58.22987219	10.81
7	58.51721919	6.1
7	59.98987219	14.57
7	60.12157319	13.1
7	60.30116519	13.21
7	60.55259319	14.77
7	60.74593719	13.1
7	61.01953219	13.79
7	61.17517919	13.3
7	61.29490619	11.6
7	61.67583719	12.63
7	61.84565519	16.96
7	61.96538319	7.41
8	0.342	16.19
8	0.453316684	13.1
8	0.696698684	14.65
8	0.960099684	14.39
8	1.067854684	11.6
8	1.391120684	14.06
8	1.582684684	12.92
8	1.785899684	12.63
8	2.504589684	12.07
8	2.779963684	10.89
8	3.043431684	8.65
8	4.204725684	15.37
8	4.289338684	14.06
8	4.480099684	14.95
8	4.671664684	16.21
8	4.839283684	13.28
8	5.279842684	12.57
8	5.629487684	13.43
8	5.928807684	12.45
8	6.240099684	14.39
8	6.311936684	8.96
8	7.545133684	11.64
8	7.676834684	13.52
8	7.856426684	15.79
8	7.964181684	11.22
8	8.251528684	15.79
8	8.335337684	13.21
8	8.486719684	9.89
8	8.780278684	13.74
8	8.957922684	13.87
8	9.083297684	16.18
8	9.137514684	8.11
8	10.53833168	15.79
8	10.64608668	13.39
8	10.96554568	15.79
8	11.10105268	13.21
8	11.74758268	14.65
8	11.94114868	15.79
8	12.09754168	13.63
8	12.40608668	10.94
8	12.57370568	13.52
8	12.75329768	16.35
8	12.90864768	11.02
8	14.40554168	15.42
8	14.57316068	15.43
8	14.70486168	13.27
8	15.29152868	14.05
8	15.60282068	13.07
8	15.93805868	13.9
8	16.09962068	16.21
8	16.23737868	16.96
8	16.33316068	13.1
8	16.58878068	12.48
8	16.91982768	13.53
8	17.03955568	10.95
8	17.54241268	9.49
8	18.36853568	15.48
8	18.49050868	8.65
8	18.90731068	13.53
8	19.03901168	8.9
8	19.41016768	16.35
8	19.48200468	13.39
8	19.76935168	15.48
8	19.92499768	13.28
8	20.24826368	12.49
8	20.55240368	12.48
8	20.93071268	9.55
8	21.44554168	13.41
8	21.58921568	12.89
8	21.97234468	10.21
8	23.78023568	14.09
8	24.00771868	10.54
8	24.40282068	16.35
8	24.47465768	14.95
8	24.64227668	13.96
8	24.80989568	13.43
8	25.19302468	15.9
8	25.33669868	10.55
8	25.67193668	14.4
8	25.86350168	16.96
8	25.98322968	12.57
8	26.27057568	10.89
8	27.04880768	14.05
8	27.16853568	13.1
8	27.34812668	11.66
8	27.59955568	12.88
8	27.87492968	16.35
8	27.97071268	16.96
8	28.07846768	10.93
8	28.91656268	11.18
8	29.15601868	9.79
8	29.52717468	13.1
8	29.70676668	12.53
8	29.97016768	12.84
8	30.23356968	12.56
8	30.60134568	11.47
8	30.87189968	15.08
8	31.07166468	15.37
8	31.56254868	14.78
8	31.76500368	14.5
8	31.84989568	13.95
8	32.14921568	11.38
8	32.46050768	16.18
8	32.55502068	12.16
8	32.79574668	16.21
8	32.95139268	11.29
8	33.37043968	15.42
8	33.46622268	7.6
8	33.88526968	13.55
8	34.24679868	13.74
8	34.42404568	13.87
8	34.62758268	6.9
8	36.50731068	14.99
8	36.78268468	13.58
8	37.18975968	13.1
8	37.38132468	12.21
8	37.69563868	16.18
8	37.82431768	12.57
8	38.20744668	9.83
8	38.63846768	15.08
8	38.84414568	15.37
8	39.89560968	13.8
8	40.05125668	11.19
8	40.67384168	14.56
8	40.89738268	14.77
8	41.38023568	13.08
8	41.64335668	12.75
8	42.48531868	12.77
8	42.69526868	8.65
8	43.65506568	16.19
		9.33
8	43.78676668	10.76
8	44.02622268	16.96
8	44.09805868	9.61
8	44.37813868	16.21
8	44.50513368	16.96
8	44.60091668	9.83
8	44.98404568	14.56
8	45.14867568	16.18
8	45.19955568	11.07
8	45.61860368	10.04
8	46.21724268	14.97
8	46.37288868	16.96
8	46.46867168	11.51
8	47.09125668	9.9
8	47.47432668	14.08
8	48.13288868	7.79
8	48.81763268	9.93
8	49.19846768	15.08
8	49.41284968	15.37
8	49.50975968	15.9
8	49.68486368	11.81
8	50.09642668	10.4
8	51.05424968	15.37
8	51.25778668	14.56
8	51.42878868	14.35
8	51.71275268	13.28
8	52.07193668	13.22
8	52.32336568	16.35
8	52.38546568	12.79
8	52.67957768	9.9
8	53.07350368	14.08
8	53.44880768	14.57
8	53.58050768	16.96
8	53.68826368	9.51
8	54.20309268	12.57
8	54.44927568	8.65
8	54.90948768	14.56
8	55.06830168	14.77
8	55.29261668	12.63
8	55.54404568	16.35
8	55.66377368	14.12
8	55.85533768	15.48
8	56.19057568	15.9
8	56.36615368	16.18
8	56.44407368	8.54
9	0.432017422	13.96
9	1.046814784	15.79
9	1.198493784	14.35
9	1.394025784	12.44
9	1.753209784	13.16
9	2.133840784	13.1
9	2.351848784	12.77
9	2.709578784	16.19
9	2.789662784	13.27
9	3.118107784	11.63
9	3.441372784	15.37
9	3.531518784	15.68
9	3.620964784	9.64
9	3.980148784	8.54
9	4.470263784	14.78
9	4.591471784	14.77
9	5.488719784	15.42
9	5.584501784	13.1
9	5.805111784	13.53
9	5.991576784	12.58
9	6.219059784	12.05
9	6.747998784	11.64
9	7.069127784	12.57
9	7.308583784	10.6
9	7.957913784	14.08
9	8.266406784	11.47
9	8.711133784	13.74
9	8.810731784	13.53
9	8.876990784	12.61
9	9.320012784	7.8
9	10.15810778	16.19
9	10.32572678	8.36
9	10.61663678	13.74
9	10.82858378	14.4
9	11.00817578	10.08
9	11.41525078	8.13
9	11.95402578	16.19
9	12.03786078	13.71
9	12.30624978	8.02
9	12.89987678	12.48
9	13.70205278	14.35
9	13.92953578	13.13
9	14.31266578	14.3
9	14.48028478	14.06
9	14.91130478	14.77
9	15.13878778	11.87
9	15.58178078	16.96
9	15.67756378	11.35
9	16.27620278	11.29
9	16.70722278	13.65
9	16.85089678	11.26
9	17.19810778	13.53
9	17.30586278	9.83
9	17.65307378	13.59
9	18.37144078	12.82
9	18.70667878	14.79
9	19.52082878	15.48
9	19.65559478	16.18
9	19.73351478	11.55
9	20.02368578	10.85
9	20.39484178	8.42
9	20.77797178	14.35
9	21.01742778	9.43
9	21.42450178	15.43
9	21.60409378	14.65
9	21.75973978	15.43
9	21.92735978	11.17
9	22.18067778	15.37
9	22.33868078	12.87
9	22.54863078	12.52
9	23.23239378	16.19
9	23.42395778	15.48
9	23.55565878	14.65
9	23.67538678	15.43
9	23.79511478	11.5
9	24.07048878	14.35
9	24.21416178	10.53
9	24.58531878	13.28
9	25.07620278	8.98
9	25.49525078	14.97
9	25.69193578	16.18
9	25.74667878	8.87
9	26.12185278	15.37
9	26.23756378	11.57
9	26.68055678	6.25
9	27.87783578	16.19
9	27.98678578	13.1
9	28.16643278	13.53
9	28.28547678	12.62
9	28.64409378	9.31
9	29.25470578	15.48
9	29.45824378	14.65
9	29.60191678	15.43
9	29.74559078	9.9
9	30.14069278	13.09
9	30.46395778	14.45
9	30.60070978	16.18
9	30.66780778	9.83
9	31.05062478	9.64
9	31.44182278	8.54
9	32.34368578	15.37
9	32.44232778	15.68
9	32.52403678	11.62
9	32.97824378	11.31
9	33.36137278	16.35
9	33.49307378	10.15
9	34.04382178	14.97
9	34.21144078	15.43
9	34.37905978	8.91
9	34.78613478	14.78
9	34.88191678	11.59
9	36.83348178	12.35
9	37.27647478	14.99
9	37.53987678	9.83
9	37.86314178	14.56
9	38.05395178	14.77
9	38.40191678	9.64
9	38.76524378	8.54
9	39.51538678	14.05
9	39.71759178	8.65
9	40.16191678	6.39
9	40.52110078	16.35
9	40.62885578	9.89
9	41.07184878	15.37
9	41.65851578	16.19
9	41.83810778	10.39
9	42.28110078	15.37
9	42.48463778	13.28
9	42.92763178	11.64
9	43.77769978	15.37
9	43.92081278	13.53
9	44.31647478	15.9
9	44.49606678	12.13
9	45.05878778	16.18
9	45.12206978	11.28
9	45.41779278	16.21
9	45.59756378	9.62
9	45.99266578	7.2
9	46.52381478	16.21
9	46.69905978	8.38
9	47.22586278	6.35
9	48.21960378	6.25
9	48.97388978	6.46
9	49.95565878	7.3
9	50.35076078	9.53
9	50.84164478	12.9180065
9	51.40651578	16.19
9	51.57198478	10.85
9	51.83538678	5.75
9	52.20247578	8.03
9	53.83484178	13.1
9	54.08627078	13.28
9	54.39756378	11.41
9	55.04409378	10.05
9	55.42390078	15.37
9	55.53645078	12.65
10	1.051980798	14.1
10	1.160767	16.18
10	1.308375	9.92
10	2.14647	10.53
10	2.787119	12.77
10	3.069088	8.65
10	3.670205	15.79
10	3.810893	12.63
10	4.110007	14.95
10	4.193817	7.6
10	4.602269	13.74
10	4.780483	13.87
10	4.907454	16.18
10	5.004853	8.11
10	6.456674	16.19
10	6.616548	14.05
10	6.895759	15.37
10	7.007422	14.56
10	7.246878	9.55
10	8.24062	13.1
10	8.396266	14.56
10	8.575858	13.3
10	8.851232	13.63
10	9.078715	10.57
10	9.354089	9.55
10	9.737218	12.13
10	10.371776	16.19
10	10.52606	13.3
10	10.623205	11.26
10	11.042252	5.31
10	11.395356	13.74
10	11.581028	14.5
10	11.688783	16.96
10	11.856402	12.07
10	12.167694	15.48
10	12.335313	13.1
10	12.514905	14.56
10	12.742388	13.3
10	12.969871	16.96
10	13.13749	12.87
10	13.364973	11.58
10	13.772048	15.42
10	13.891776	12.63
10	14.286878	12.63
10	14.514361	16.96
10	14.598171	12.57
10	14.933409	10.89
10	15.376402	13.24
10	15.670657	15.48
10	15.891232	9.01
10	16.214497	9.33
10	17.782932	13.16
10	18.166062	12.35
10	18.513273	13.1
10	18.728783	8.76
10	19.075994	15.42
10	19.363341	16.18
10	19.399259	12.49
10	19.674633	11.06
10	20.47681	16.35
10	20.596538	13.27
10	20.788103	14.65
10	20.931776	13.1
10	21.123341	14.56
10	21.302932	12.63
10	21.566334	16.35
10	21.638171	8.32
10	21.978912	13.95
10	22.200892	11.33
10	23.18266	13.1
10	23.370085	10.82
10	23.69749	16.18
10	23.761846	12.57
10	24.068647	8.81
10	24.487694	14.08
10	24.787014	14.99
10	25.876538	15.42
10	26.066158	15.37
10	26.126762	12.53
10	26.511096	12.33
10	26.894225	15.43
10	27.063155	13.59
10	27.528783	12.77
10	27.755772	8.65
10	28.127422	16.35
10	28.24715	9.88
10	29.169055	15.9
10	29.291711	14.39
10	29.444429	12.63
10	29.8826	13.9
10	30.043068	8.6
10	30.641708	13.87
10	30.917082	16.18
10	30.976946	7.91
10	32.341844	15.79
10	32.473545	10.86
10	32.844701	14.1
10	33.000347	15.79
10	33.09613	13.3
10	33.347558	14.95
10	33.479259	13.87
10	33.802524	13.47
10	35.200401	16.19
10	35.299123	13.1
10	35.442796	11.69
10	35.658307	16.35
10	35.813953	8.9
10	36.292864	14.1
10	36.484429	16.96
10	36.568239	10.45
10	36.915449	16.21
10	37.035177	16.18
10	37.095041	7.91
10	37.564513	11.17
10	37.753545	13.87
10	38.136674	12.93
10	38.447966	16.96
10	38.579667	7.91
10	39.027666	15.68
10	39.202252	8.66
10	39.464076	13.9
10	40.207966	15.42
10	40.327694	13.1
10	40.495313	13.21
10	40.67832	14.77
10	40.926334	11.87
10	41.357354	12.07
10	41.776402	12.03
10	42.11164	11.99
10	42.446878	12.82
10	42.681776	16.18
10	42.758171	12.4
10	43.835722	12.93
10	44.265333	16.18
10	44.362524	12.56
10	44.841436	10.39
10	45.236538	15.48
10	45.404157	11.99
10	45.775313	13.89
10	45.974426	10.95
10	46.816946	13.1
10	46.996538	10.81
10	47.534175	15.08
10	47.738851	12.63
10	48.055802	13.24
10	48.313545	16.96
10	48.433273	9.33
10	48.799561	14.5
10	48.948103	12.15
10	50.145381	14.57
10	50.268403	8.38
10	50.755994	15.42
10	50.839803	10.89
10	51.132009	8.65
10	51.606062	13.76
10	51.737762	13.1
10	51.905381	12.61
10	52.204701	16.35
10	52.324429	16.96
10	52.468103	10.89
10	53.330143	13.1
10	53.535131	12.21
10	53.868919	13.1
10	54.037468	13.53
10	54.104375	9.31
10	54.599259	16.96
10	54.697428	12.57
10	55.030279	9.77
10	55.413409	11.47
10	56.347286	16.19
10	56.497428	13.76
10	56.646606	13.1
10	56.802252	11.66
10	56.993817	12.88
10	57.245245	16.35
10	57.353	16.96
10	57.460756	10.93
10	57.843885	15.42
10	58.204357	15.37
10	58.670007	13.1
10	58.874526	12.21
10	59.124973	13.1
10	59.244701	13.21
10	59.448239	14.77
10	59.855313	10.6
10	60.430007	10.44
10	60.784961	15.37
11	0.27448538	13.1
11	0.489783265	13.21
11	0.701863265	13.27
11	1.064477265	15.37
11	1.279987265	11.95
11	1.615225265	7.48
11	2.130055265	12.63
11	2.369511265	16.96
11	2.453320265	9.94
11	3.578762265	16.19
11	3.695823265	13.1
11	3.866109265	11.69
11	4.201347265	13.3
11	4.333048265	12.51
11	4.895769265	16.35
11	4.979579265	8.72
11	5.303189265	13.74
11	5.494409265	14.17
11	5.650055265	16.21
11	5.733864265	16.96
11	5.865565265	10.18
11	6.188830265	16.21
11	6.272640265	16.96
11	6.356450265	10.93
11	7.278354265	14.57
11	7.393222265	15.37
11	7.505837265	14.56
11	7.685429265	12.87
11	7.875889265	7.8
11	9.194001265	16.19
11	9.325252265	13.76
11	9.469375265	13.1
11	9.660939265	13.53
11	9.828558265	9.86
11	10.29549727	9.88
11	10.74864127	13.9
11	10.94202827	14.97
11	11.12162027	11.98
11	12.16325227	16.96
11	12.25903527	10.89
11	12.56379227	12.57
11	12.84733227	12.4
11	13.14502127	10.41
11	13.46828627	12.59
11	13.72765427	16.19
11	13.87483527	8.29
11	16.28696427	12.35
11	16.54529327	14.09
11	16.65188127	15.68
11	17.00025927	13.96
11	17.33454727	13.43
		15.9
11	17.69468127	8.84
11	18.20817227	13.87
11	18.42677927	15.48
11	19.08352427	12.77
11	19.30694727	8.65
11	19.76597327	16.35
11	19.90000027	9.88
11	20.38855827	11.89
11	20.66404327	7.62
11	21.80822127	15.79
11	21.95540227	9.11
11	22.55711327	15.43
11	22.68048627	16.35
11	22.80385827	11.25
11	23.05060327	12.65
11	23.38175627	14.99
11	23.77055327	10.3
11	25.46502127	13.1
11	25.67877427	10.82
11	26.12352427	10.86
11	26.38692627	9.88
11	26.79400127	13.28
11	27.15318427	13.35
11	27.34890827	10.7
11	28.04368927	12.2
11	28.13459527	13.1
11	28.35046327	13.28
11	28.67372827	8.4
11	29.14066727	10.34
11	29.57962927	15.37
11	30.36189227	16.19
11	30.50952927	11.32
11	31.09223227	13.1
11	31.20863927	5.37
11	31.67889927	9.88
11	32.12189227	14.05
11	32.44382327	8.65
11	33.13957927	14.79
11	33.30719827	16.35
11	33.41495327	10.94
11	33.67835427	9.14
11	34.09880627	13.24
11	34.31291227	13.3
11	34.54251427	10.97
11	35.46230027	16.19
11	35.62991927	12.15
		13.1
11	35.98910327	8.81
11	36.43209627	11.98
11	36.74338827	16.35
11	36.82719827	12.05
11	37.29413727	13.3
11	37.40227927	12.56
11	37.64134727	9.41
11	38.03645027	15.42
11	38.14420527	12.03
11	38.44352427	7.34
11	38.86029927	9.88
11	39.36028127	15.9
11	39.47716127	16.18
11	39.53304827	12.19
11	39.81697627	16.21
11	39.95209627	4.53
11	40.41903527	13.1
11	40.62257227	14.56
11	40.81413727	11.2
11	41.15605227	12.06
11	41.62828627	9.88
11	42.80162027	15.42
11	42.93332027	14.99
11	43.19672227	9.92
11	43.73549727	11.08
11	44.15454527	14.56
		13.28
11	44.42991927	8.32
11	44.78418927	16.21
11	44.92080327	8
11	45.44760627	16.35
11	45.53141627	14.95
11	45.73495327	13.03
11	45.96243627	13.55
11	47.53087127	14.57
11	47.61445627	15.37
11	47.73785527	15.68
11	47.87808227	13.96
11	48.21969227	13.43
11	48.56600027	13.3
11	49.42094927	12.07
11	49.59019127	10.89
11	49.92542927	8.65
11	50.31621827	16.35
11	50.44025927	8.89
11	50.87127927	16.35
11	50.94311627	14.95
11	51.15862627	13.03
11	51.42202827	13.55
11	51.84107527	12.8
11	52.37985127	14.09
11	52.51428327	15.68
11	52.65522527	9.98
11	53.05558027	12.16
11	53.42148427	16.21
11	53.64896727	14.08
		11.79
11	53.79717427	16.35
11	53.89024527	13.16
11	54.21168827	14.17
11	54.51732527	7.59
11	55.33114927	12.03
12	0.229476225	11.41
12	0.504358225	13.3
12	0.658032225	10.62
12	0.974924225	9.73
12	1.266236225	15.08
12	1.441863225	16.18
12	1.515146225	12.57
12	1.801046225	9.94
12	2.220094225	12.05
12	2.687033225	15.48
12	2.794788225	14.56
12	2.926489225	9.61
12	3.293501225	12.43
12	3.561046225	16.96
12	3.644856225	10.93
12	4.698461225	13.1
12	4.925944225	10.09
12	5.309074225	15.37
12	5.883767225	16.19
12	6.135196225	12.21
12	6.460615225	15.9
12	6.605632225	15.37
12	6.759306225	16.18
12	6.841591225	13.28
12	7.215196225	11.98
12	7.643767225	8.74
12	8.613563225	15.08
12	8.733291225	13.8
12	9.008665225	16.96
12	9.116421225	11.51
12	9.686169225	10.48
12	9.997846225	14.08
12	10.76866522	13.41
12	11.02009422	7.79
12	11.58281522	9.64
12	11.93204022	15.9
12	12.06623522	4.93
12	14.03723722	13.22
12	14.85138722	15.79
12	14.97902622	14.35
12	15.12676122	8.15
12	15.36356422	15.37
12	15.84512822	12.77
12	16.09655722	8.65
12	16.51640022	16.19
12	16.62895022	14.65
12	16.79561122	15.37
12	16.92267922	11.81
12	17.18608022	14.08
12	17.35369922	10.12
12	17.58482322	10.44
12	18.06009422	15.79
12	18.17982222	14.3
12	18.36185322	10.44
12	18.65873322	16.96
12	18.76648922	11.47
12	19.66444822	16.19
12	19.79822922	14.65
12	19.92784922	15.37
12	20.05955022	11.81
12	20.31097822	14.08
12	20.45465222	10.12
12	20.63520822	10.24
12	21.61601222	15.79
12	21.75968622	14.3
12	21.96322322	7.49
12	22.27451622	12.43
12	22.50199922	16.96
12	22.60975422	10.89
12	23.48376722	14.05
12	23.69927822	12.17
12	24.01057022	13.1
12	24.23805322	15.79
12	24.29119422	14.35
12	24.35778122	13.79
12	24.52312722	13.24
12	24.77682922	16.96
12	24.87261122	9.33
12	25.60295122	16.19
12	25.73520622	15.79
12	25.88671622	14.12
12	26.00582122	14.77
12	26.04594422	11.56
12	26.27342722	13.8
12	26.52874722	10.77
12	28.09329122	13.1
12	28.36866522	8.86
12	28.62009422	16.18
12	28.73304122	12.57
12	29.23070622	11.98
12	30.29628522	16.19
12	30.38440322	12.77
12	30.59651722	6.62
12	31.20621622	16.35
12	31.35759122	9.88
12	32.59506022	13.8
12	32.88134922	13.1
12	33.90446822	13.8
12	34.20039122	13.1
12	35.41247022	10.1
12	35.71116122	13.3
12	35.81574022	11.73
12	36.16272222	15.08
12	36.28267922	16.96
12	36.35451622	11.67
12	36.64186322	16.21
12	36.71369922	13.3
12	36.85737322	11.6
12	37.14472022	16.35
12	37.28839322	12
12	37.62363122	13.8
12	37.84378222	13.1
12	38.04267922	15.37
12	38.19832522	14.56
12	38.36594422	10.39
12	39.52730522	16.19
12	39.62012722	13.1
12	39.79070622	14.56
12	39.97029822	11.95
12	40.22183822	10.02
12	40.96404022	16.35
12	41.03587622	12.84
12	41.34246222	15.48
12	41.45492422	13.1
12	41.64648922	8.95
12	42.05356322	16.96
12	42.12540022	12.9
12	42.44866522	11.58
12	43.71778122	16.35
12	43.87342722	14.95
12	43.99315522	12.47
12	44.34292322	14.99
		15.68
		14.1
12	44.65165922	10.82
12	45.22635322	10.77
12	45.67792422	13.76
12	45.89682922	14.17
12	46.06444822	8.15
12	46.32784922	8.74