passage	time	value
1	0.046	13
1	0.562721	4
1	0.784543	9
1	1.256929	1
1	1.352925	5
1	1.616327	6
1	2.310749	11
1	2.799918	1
1	2.938712	10
1	3.30449	4
1	3.484082	6
1	3.654596	11
1	4.106667	3
1	4.274286	1
1	4.398799	6
1	4.785961	1
1	4.908844	1
1	5.034329	7
1	5.435647	8
1	5.890613	1
1	6.051306	4
1	7.147755	7
1	7.380186	3
1	7.4995	9
1	7.957925	6
1	8.261225	16
1	8.560545	6
1	8.776055	1
1	8.88381	7
1	9.231021	6
1	9.31483	11
1	9.709932	4
1	9.961361	8
1	10.811429	4
1	10.926947	2
1	11.014966	5
1	11.29034	5
1	11.422041	10
1	11.928449	3
1	12.033452	13
1	12.882923	2
1	13.013482	2
1	13.777672	1
1	13.943927	4
1	14.110704	2
1	14.226852	1
1	14.407012	5
1	14.726531	1
1	14.822313	1
1	15.034115	7
1	15.430794	7
1	15.847213	13
1	16.232225	7
1	16.567652	10
1	17.109154	3
1	17.266659	13
1	19.526536	4
1	19.721958	6
1	19.926131	4
1	20.17415	10
1	20.928436	2
1	21.024218	6
1	21.269652	7
1	21.50313	8
1	22.165075	3
1	22.413062	6
1	22.641249	3
1	22.736327	6
1	22.927891	6
1	23.382857	2
1	23.51412	1
1	23.598368	9
1	23.897687	7
1	24.161089	7
1	24.364626	6
1	24.483259	7
1	24.735783	6
1	25.059048	15
1	25.541189	1
1	25.680794	9
1	26.878912	8
1	27.142313	1
1	27.314162	11
1	27.776871	1
1	27.884626	8
1	28.255783	1
1	28.376346	15
1	28.818504	10
1	29.297415	4
1	29.477007	3
1	29.608708	9
1	29.872109	1
1	29.95905	9
1	30.36463	1
1	30.458776	8
1	30.840804	5
1	31.021497	1
1	31.177122	12
1	31.512381	1
1	31.586956	17
1	32.833264	5
1	33.035638	11
1	34.074558	1
1	34.190765	8
1	34.565443	12
1	34.972517	3
1	35.140136	11
1	35.511293	9
1	35.945261	10
1	36.157823	8
1	36.564898	4
1	36.768436	25
1	38.468572	4
1	38.632328	4
1	38.80381	8
1	39.174966	4
1	39.468477	6
1	40.04898	13
1	40.773225	4
1	40.934966	2
1	41.820953	9
1	42.042964	6
1	42.204082	13
1	42.611157	5
1	42.802721	2
1	42.900757	4
1	43.133433	6
1	43.473198	6
1	43.784524	5
1	43.954431	1
1	44.059864	1
1	44.155647	6
1	44.466939	1
1	44.632655	8
1	44.802177	1
1	44.909932	12
1	45.258174	6
1	45.496599	1
1	45.689575	9
1	46.805793	8
1	46.935658	10
1	47.651701	8
1	47.771429	10
1	48.307503	2
1	48.372361	9
1	48.573606	3
1	48.718395	9
1	50.06082	5
1	50.180945	6
1	50.361373	7
1	50.602707	2
1	50.724997	6
1	51.051973	12
1	51.722449	2
1	51.818232	11
1	52.213334	1
1	52.333062	6
1	52.553259	2
1	52.92836	6
1	53.150214	11
1	53.386667	1
1	53.557126	3
1	53.793742	12
1	54.12898	4
1	54.368436	3
1	54.691701	4
1	54.823402	4
1	55.050885	1
1	55.146667	5
1	55.626219	2
1	55.734441	4
1	55.885951	10
1	56.195464	8
1	56.439728	9
2	0.479839572	4
2	0.592424402	5
2	0.810806402	1
2	0.912952402	12
2	1.415810402	7
2	1.918667402	8
2	2.385605402	1
2	2.557777402	9
2	3.211728402	5
2	3.431803402	1
2	3.595218402	6
2	3.790771402	19
2	4.384907402	12
2	5.637331402	1
2	5.747717402	9
2	6.073224402	4
2	6.286257402	2
2	6.887374402	1
2	6.992943402	5
2	7.150775402	16
2	7.541223402	3
2	8.467782402	13
2	8.946694402	8
2	9.365741402	1
2	9.557306402	6
2	9.696188402	10
2	10.1080544	2
2	10.3256874	2
2	10.4425664	15
2	10.8503674	9
2	11.3053334	6
2	11.3771704	8
2	12.1913204	2
2	12.3150514	6
2	12.4278374	5
2	12.5354954	7
2	12.9096874	6
2	13.3209554	8
2	13.7505944	1
2	13.8315924	12
2	14.2027484	3
2	14.3713834	7
2	14.7563734	1
2	14.8570194	19
2	15.2922724	12
2	15.8430204	3
2	16.1249724	1
2	16.1782584	9
2	16.5853334	1
2	16.7050614	6
2	16.9804354	5
2	17.1816424	1
2	17.3169194	2
2	18.0100954	1
2	18.2734974	12
2	18.6566264	3
2	18.8172454	13
2	20.0813884	6
2	20.2968984	10
2	20.5483274	9
2	20.9434294	1
2	21.0392114	9
2	21.4103674	6
2	21.8665724	2
2	22.4041094	1
2	22.5977474	12
2	23.5894154	4
2	23.8647894	5
2	24.2479184	2
2	24.3796194	5
2	24.6888614	1
2	24.7866944	6
2	24.9782584	2
2	25.1339054	10
2	25.4691434	7
2	25.6916714	1
2	25.7988114	8
2	26.1875104	12
2	26.5227484	10
2	26.8220684	7
2	27.1009914	1
2	27.2092134	15
2	28.6539054	2
2	28.8555384	7
2	29.2764904	9
2	29.8392114	7
2	30.1744494	8
2	30.3537254	13
2	30.7611164	6
2	31.1847124	2
2	31.7069664	7
2	31.9823404	7
2	32.3775904	10
2	33.1915924	5
2	33.4658944	2
2	33.5866944	1
2	33.6705034	7
2	34.0775784	6
2	34.2451974	4
2	34.4726804	1
2	34.5684634	5
2	34.7251894	5
2	34.9359684	7
2	36.4990384	1
2	36.5866974	12
2	36.9630204	10
2	37.1545854	8
2	37.3092894	9
2	37.6848174	3
2	37.8729524	5
2	38.0506054	1
2	38.1270404	12
2	38.5314564	2
2	38.7110484	5
2	39.0103674	6
2	39.6090074	1
2	39.7885994	5
2	40.0041094	15
2	40.2555374	11
2	40.8422044	7
2	41.4528164	4
2	41.7985404	11
2	42.7219324	2
2	42.8468034	13
2	43.2607074	5
2	43.4437824	3
2	43.6191014	1
2	43.6677824	9
2	44.2065584	1
2	44.2903674	5
2	44.5548144	4
2	44.8416004	12
2	45.3433954	11
2	45.8588034	6
2	46.1940414	6
2	46.4215244	7
2	46.6729524	11
2	47.1039734	11
2	47.4631564	7
2	47.6700554	1
2	47.7624764	6
2	48.1934974	9
2	48.5287354	6
2	50.2168984	7
2	50.5641094	1
2	50.6958104	6
2	50.9951294	4
2	51.1747214	6
2	51.5339054	9
2	52.1325444	3
2	52.1874444	6
2	52.4438374	11
2	52.6592904	6
2	52.9445924	10
2	54.0841094	2
2	54.2320244	6
2	54.3954014	5
2	54.5989394	10
2	55.1504224	1
2	55.3053334	5
2	55.6284084	3
2	55.7602994	6
2	55.9398914	8
2	56.1793474	7
2	56.8617964	1
2	56.9934974	7
2	57.2449254	4
2	57.6156304	6
2	57.8794834	1
2	58.0111844	1
2	58.1660754	9
2	58.5156304	4
2	58.6816604	4
2	58.8612524	7
2	59.1485994	1
2	59.2511584	9
2	59.6873744	7
3	0.478723402	6
3	0.986269787	6
3	1.201780787	8
3	1.501099787	1
3	1.604642787	7
3	1.836337787	7
3	2.183548787	1
3	2.315249787	6
3	2.602596787	5
3	2.842052787	4
3	2.961780787	6
3	3.143827787	4
3	3.332936787	9
3	3.716065787	1
3	4.506269787	4
3	4.611587787	2
3	4.721780787	4
3	4.889399787	6
3	5.057018787	9
3	5.308446787	1
3	5.446654787	6
3	5.695563787	7
3	7.200147787	5
3	7.403684787	6
3	7.667086787	9
3	7.913297787	4
3	8.026269787	1
3	8.110079787	10
3	8.487551787	1
3	8.565045787	1
3	8.667198787	6
3	9.522868787	1
3	9.679748787	10
3	10.07361679	2
3	10.20531779	4
3	10.33701879	5
3	10.46871879	11
3	10.80395679	3
3	10.97157679	18
3	11.55766779	1
3	11.76178079	17
3	14.07252879	6
3	14.32043479	1
3	14.47960379	4
3	14.75497779	6
3	15.00640579	8
3	15.24713779	11
3	15.78066979	1
3	15.90436579	10
3	16.37130379	12
3	16.54214579	5
3	16.72362579	3
3	16.91007979	16
3	18.27497779	6
3	18.45456979	8
3	18.69402479	7
3	18.96623079	1
3	19.05320879	14
3	19.47225679	4
3	19.63987579	4
3	19.80749479	1
3	19.89130379	1
3	19.98708679	13
3	20.45402479	3
3	20.52586179	6
3	20.72939979	10
3	21.66327679	2
3	21.80789779	4
3	22.00702479	14
3	22.57196479	11
3	23.11249479	17
3	24.33320879	4
3	24.46490979	1
3	24.54871879	6
3	24.69239279	7
3	25.04467379	14
3	25.78191679	2
3	25.90463179	4
3	26.10518179	11
3	27.24259679	6
3	27.42218879	6
3	27.57783479	3
3	27.76956379	5
3	27.93701879	1
3	28.03280079	9
3	28.35606579	1
3	28.45184879	14
3	28.70327679	2
3	28.87089579	10
3	29.17021579	1
3	29.24205279	10
3	29.61320879	10
3	30.41538579	4
3	30.57975079	6
3	30.75062379	10
3	31.20558979	1
3	31.28939979	7
3	31.48191579	2
3	31.60636979	6
3	31.94790279	4
3	32.11244379	1
3	32.21130379	1
3	32.30183079	18
3	32.80994379	3
3	32.89375279	6
3	33.09729079	11
3	33.31280079	8
3	33.74353779	2
3	35.74327679	6
3	36.53985379	7
3	36.69745379	13
3	37.12014779	1
3	37.25262979	11
3	37.91008579	6
3	38.25314779	6
3	38.52478379	1
3	38.58082779	9
3	38.85445579	3
3	39.05973979	3
3	39.34469879	2
3	39.40695079	9
3	39.61048779	5
3	39.88586179	8
3	40.47252879	1
3	40.55633779	16
3	41.02327679	7
3	41.27470579	13
3	42.67552179	5
3	43.00499679	13
3	43.52558979	4
3	43.66323679	4
3	43.76783279	4
3	43.95661079	5
3	44.25592979	4
3	44.37565779	4
3	44.51420779	7
3	45.42502979	6
3	45.72658979	2
3	45.81239279	4
3	46.00234879	3
3	46.11171279	6
3	46.32722279	7
3	46.81303279	4
3	47.10374579	2
3	47.24876179	6
3	47.52689079	4
3	47.68014779	2
3	47.82382079	11
3	48.07625279	7
3	48.25484179	1
3	48.36628679	8
3	48.66191679	1
3	48.74572579	1
3	48.86911379	8
3	50.01484179	5
3	50.24312279	4
3	50.42191679	6
3	50.68426379	9
3	51.08674579	25
3	52.75661079	7
3	53.76232479	7
3	54.89973979	7
3	55.98926379	4
3	56.08979379	1
3	56.15689079	9
3	56.43225679	7
3	57.00927379	7
3	57.28232479	1
3	57.45149679	4
3	57.59651379	7
3	58.81484179	2
3	58.99095979	9
3	59.42545379	5
3	59.71888679	6
3	59.94028379	10
3	60.45575679	2
3	60.56654879	3
3	60.64667879	11
3	61.05375279	4
3	61.26926379	3
3	61.59139379	5
3	62.07143979	6
3	62.26300479	6
3	62.53837879	15
4	0.398385787	7
4	0.689427631	3
4	0.840937631	8
4	1.126349631	9
4	1.542891631	9
4	1.772879631	1
4	1.844716631	8
4	2.251791631	1
4	2.347573631	1
4	2.485197631	9
4	3.125805631	5
4	3.353288631	4
4	3.473015631	6
4	3.808254631	2
4	3.990834631	4
4	4.155464631	3
4	4.632185631	8
4	5.077369631	11
4	5.460498631	10
4	5.903492631	7
4	6.262675631	2
4	6.346485631	5
4	7.172607631	2
4	7.253283631	2
4	7.388559631	6
4	7.699410631	13
4	8.094512631	5
4	8.250158631	12
4	8.465668631	7
4	8.860771631	7
4	9.219954631	1
4	9.339682631	3
4	9.567165631	9
4	9.794648631	2
4	9.926349631	6
4	10.08199563	7
4	10.51044763	2
4	10.60879863	1
4	10.72852663	8
4	11.11381763	8
4	11.74621363	1
4	11.95457563	7
4	12.06387963	3
4	12.28498863	4
4	12.44063463	3
4	12.64462563	1
4	12.75192763	6
4	13.24281163	5
4	13.47324963	9
4	14.23655363	2
4	14.41614563	10
4	14.85699863	7
4	15.11056663	6
4	15.19437663	8
4	15.75709763	3
4	15.93668963	4
4	16.09233563	4
4	16.27192763	5
4	16.43954663	4
4	16.58322063	1
4	16.77246763	10
4	17.08607763	1
4	17.28976663	6
4	18.00798163	6
4	18.31422063	2
4	18.42702963	4
4	18.61859463	5
4	18.79818563	9
4	19.31301563	1
4	19.38505963	6
4	19.67375863	2
4	19.78522663	6
4	20.63002263	7
4	21.12090763	2
4	21.36644463	2
4	21.43219963	4
4	21.71954663	1
4	21.81532863	6
4	22.11464863	10
4	23.18022663	4
4	23.34784563	5
4	23.51076263	2
4	23.65036763	9
4	24.00634963	4
4	24.17712863	14
4	24.82182563	3
4	24.94022663	15
4	25.57799163	2
4	25.70940763	3
4	25.77832263	7
4	26.11436663	1
4	27.16716563	13
4	27.59113663	5
4	28.00526063	3
4	28.35477763	8
4	28.68770963	4
4	28.84335663	15
4	29.40607763	4
4	30.17233563	3
4	30.31600963	15
4	30.89070263	7
4	31.93233563	4
4	32.08798163	7
4	32.31546463	4
4	32.43519263	5
4	32.55492063	8
4	32.89015863	10
4	33.27328863	8
4	33.70494363	1
4	33.81316563	6
4	35.16498863	12
4	35.61995463	6
4	35.85941063	10
4	36.26648563	7
4	37.59546463	2
4	37.73208963	9
4	38.12817963	4
4	38.24181263	2
4	38.40054563	9
4	38.79274363	9
4	39.11600963	6
4	39.35546463	7
4	39.88226763	1
4	40.07216363	9
4	41.04362863	5
4	41.40281163	10
4	41.69015863	2
4	41.80957263	4
4	41.92961463	8
4	42.24090763	1
4	42.33668963	7
4	42.57203263	5
4	42.72981063	9
4	43.04308363	1
4	43.15083963	5
4	43.66566863	2
4	43.83328863	10
4	44.10866263	3
4	44.25233563	4
4	44.41995463	11
4	44.81505663	16
4	46.10811763	1
4	46.25192363	19
4	47.24553263	2
4	47.56879863	5
4	48.95285963	6
4	49.10869863	4
4	49.35274363	8
4	49.69995463	10
4	49.96335663	4
4	50.09505663	4
4	50.44226763	5
4	50.56199563	4
4	50.76290263	11
4	51.24444463	3
4	51.45995463	5
4	51.92689363	3
4	52.06513863	2
4	52.20226763	6
4	52.37652063	3
4	52.48961463	8
4	52.87317663	4
4	52.97145863	4
4	53.21995463	1
4	53.33968263	6
4	53.61505663	8
4	55.17151963	4
4	55.23582963	2
4	55.40110663	9
4	55.60253963	3
4	55.77015863	1
4	55.92580563	8
4	56.21315163	5
4	56.38657763	4
4	56.57233563	1
4	56.73995463	7
4	56.96743763	1
4	57.03927463	1
4	57.11111163	8
4	57.60199563	2
4	57.86539663	2
4	57.99709763	5
4	59.03873063	6
4	59.37396863	9
4	60.03247163	2
4	60.27228563	3
4	60.51457663	5
4	60.62911563	11
4	61.23515563	3
4	61.40908963	10
4	63.22920663	1
4	63.28054363	6
4	63.46866263	8
4	63.74156763	1
4	63.80390063	21
4	64.32668563	3
4	64.41084863	6
4	64.56802363	11
4	65.36036263	12
4	65.79138363	25
4	66.51241563	3
4	66.65526763	2
4	66.73779663	3
4	66.85223063	11
4	67.25244963	7
4	67.44362863	1
4	67.65913863	9
4	68.03985163	4
4	68.15456663	2
4	68.26278763	5
4	68.43736963	2
4	68.59301563	6
4	68.76063463	11
4	69.12991863	2
5	0.561145631	1
5	0.689847173	4
5	0.936113173	4
5	1.115705173	12
5	1.618562173	7
5	1.858018173	10
5	2.107547173	6
5	2.220976173	4
5	2.312984173	5
5	2.528494173	4
5	2.648222173	2
5	2.847481173	9
5	4.108902173	5
5	4.527950173	2
5	4.666011173	4
5	4.803324173	7
5	5.126589173	4
5	5.261374173	1
5	5.371760173	8
5	6.383732173	8
5	6.833959173	2
5	6.910535173	9
5	7.113220173	6
5	7.305637173	2
5	7.437338173	8
5	7.704109173	5
5	7.877263173	9
5	9.664277173	7
5	10.26291617	7
5	10.81366417	7
5	11.98699817	4
5	12.15461717	4
5	12.32223617	8
5	12.71894017	7
5	13.01979617	1
5	13.13638517	4
5	13.45965117	4
5	13.66318817	13
5	14.08223617	8
5	14.32169217	10
5	14.64495717	9
5	15.19176917	7
5	16.79702417	6
5	17.12403517	4
5	17.31648717	10
5	17.64764417	4
5	17.80577317	6
5	18.18890217	6
5	18.56005917	11
5	18.92607117	2
5	19.00305217	6
5	19.31350417	5
5	20.90959317	6
5	21.25590217	4
5	21.48749517	1
5	21.59138817	10
5	23.12299917	2
5	23.22256217	8
5	23.45848517	4
5	23.56870017	4
5	23.64895517	8
5	24.04359617	6
5	24.15261217	15
5	24.61147117	1
5	24.73801817	11
5	25.07249417	4
5	25.18504417	12
5	25.48033117	5
5	26.76141917	6
5	27.09665817	4
5	27.26427717	10
5	27.51271417	2
5	27.59951517	9
5	27.92278017	2
5	28.03053517	5
5	28.13829017	7
5	28.47352817	6
5	28.66509317	3
5	29.01230417	4
5	29.89829017	4
5	30.06590917	3
5	30.10182817	5
5	30.34671017	13
5	30.73638517	2
5	30.82019517	1
5	30.97584117	9
5	31.20165917	2
5	31.26007417	6
5	31.34018317	10
5	31.75407217	4
5	31.96958317	2
5	32.06536517	7
5	32.33718017	10
5	32.58019517	1
5	32.65203217	12
5	33.74155517	1
5	33.84931117	2
5	34.00050617	2
5	34.10073917	6
5	34.37743117	5
5	34.69127317	1
5	34.74727017	10
5	35.16631717	2
5	35.25538517	5
5	36.35162417	4
5	36.51924317	4
5	36.62699817	11
5	37.15380017	10
5	37.40522917	13
5	37.79375817	2
5	37.86302017	9
5	39.51244017	1
5	39.71597717	6
5	39.96740617	13
5	40.43434517	10
5	40.82944717	1
5	40.94917517	5
5	41.15271217	8
5	41.40025117	15
5	42.38590917	1
5	42.55092317	8
5	42.81693017	3
5	43.00849417	8
5	43.42754217	1
5	43.58318817	11
5	44.13393617	2
5	44.21774617	1
5	44.27761017	16
5	44.64876617	9
5	44.91805217	1
5	45.09176017	6
5	45.91788217	4
5	46.06006617	11
5	46.48862317	10
5	46.68414117	13
5	47.54618117	4
5	47.66590917	11
5	48.07298417	10
5	48.30372817	13
5	49.13856217	1
5	49.29685017	9
5	50.07342517	4
5	50.22493517	13
5	50.54743517	10
5	50.72426417	11
5	51.94933017	2
5	52.06188017	2
5	52.15258617	6
5	52.55080717	3
5	52.68250817	6
5	52.86210017	6
5	53.06778617	3
5	53.20374417	8
5	53.68822217	7
5	54.05937917	7
5	54.89747417	2
5	55.07706617	6
5	55.27152717	3
5	55.40033117	6
5	55.61174417	8
5	55.97502517	5
5	56.19053517	6
5	56.33420917	6
5	56.54971917	7
5	56.80114717	2
5	57.93856217	6
5	58.13012717	9
5	58.35761017	2
5	58.50128317	6
5	58.71679417	4
5	58.93230417	18
5	59.36332417	7
5	59.68658917	1
5	59.85420917	5
5	60.03380017	5
5	60.41693017	12
5	60.81203217	1
5	60.91978717	10
5	61.26699817	2
5	61.38672617	6
5	61.59026317	4
5	61.75788217	11
5	62.17693017	8
5	62.51541617	2
5	62.64386817	8
5	62.95516117	3
5	63.13475317	6
5	63.94890217	1
5	64.08588317	8
5	64.54754217	1
5	64.69121517	6
5	64.85883417	6
5	65.31380017	17
6	0.323245298	6
6	0.568708743	6
6	1.039808743	7
6	1.422937743	4
6	1.590556743	1
6	1.730401743	9
6	2.380761743	6
6	2.600501743	2
6	2.847699743	7
6	3.206883743	10
6	3.379041743	1
6	3.534880743	12
6	4.739400743	5
6	4.967131743	11
6	5.972597743	16
6	6.738856743	16
6	7.229740743	7
6	7.529060743	6
6	7.756543743	8
6	8.211509743	9
6	8.566976743	1
6	8.654502743	13
6	8.917903743	1
6	9.013686743	13
6	9.469543743	1
6	9.612325743	11
6	9.839808743	11
6	10.90538674	1
6	11.07300574	1
6	11.14484274	9
6	11.48008074	4
6	11.67207674	6
6	13.28797174	13
6	13.68307374	4
6	13.85069374	3
6	14.05370274	1
6	14.13803974	8
6	14.35355074	10
6	15.04797174	1
6	15.20361874	6
6	15.37123774	12
6	15.73042074	5
6	15.93395874	10
6	16.07763174	6
6	16.22130574	10
6	16.55654374	2
6	16.69133574	1
6	16.74810774	9
6	18.05314174	6
6	18.26865274	9
6	18.55599974	5
6	18.87926474	4
6	19.01096574	2
6	19.08280174	4
6	19.22870174	4
6	19.48987674	9
6	19.88497874	12
6	20.95055674	6
6	21.44144174	6
6	21.58511474	4
6	21.83654374	7
6	22.18375474	7
6	22.45912874	12
6	23.41695174	1
6	23.54865274	1
6	23.62048874	8
6	23.90783574	12
6	24.24307374	4
6	24.37477474	6
6	24.74547574	2
6	24.86565874	11
6	25.26076174	18
6	25.79953674	7
6	26.09885674	2
6	27.21232574	4
6	27.36797174	4
6	27.53559074	3
6	27.73374674	1
6	27.79899274	9
6	28.20606774	1
6	28.28987674	3
6	28.40175074	9
6	29.27164574	8
6	29.58293774	8
6	29.81042074	13
6	30.22946874	5
6	30.39708774	1
6	30.50484274	10
6	31.00769974	1
6	31.18729174	4
6	31.45069374	5
6	31.81344474	2
6	31.92960474	5
6	32.19300574	1
6	32.30076174	8
6	32.52554174	2
6	32.67191774	6
6	33.06599374	3
6	33.22616174	2
6	33.34239374	9
6	33.62874474	1
6	33.70157774	10
6	34.63545474	8
6	34.88114474	4
6	35.05450274	11
6	35.33567474	1
6	35.47355074	16
6	36.08416274	5
6	36.21586374	9
6	36.47340974	2
6	36.59766974	2
6	36.72226874	8
6	37.65259774	6
6	37.85613574	4
6	38.02375474	8
6	38.35899274	9
6	38.77555674	2
6	38.90974074	5
6	39.02946874	6
6	39.22103374	9
6	39.52035274	1
6	39.59218974	10
6	40.35844874	4
6	40.50212174	1
6	40.60987674	12
6	40.98103374	4
6	41.20851674	5
6	41.43599974	9
6	41.75926474	1
6	41.92688374	3
6	42.06820674	8
6	43.01640774	6
6	43.25586374	7
6	43.55518274	11
6	44.05803974	2
6	44.17776774	1
6	44.23832374	7
6	44.72851674	8
6	45.13559074	10
6	45.55463874	5
6	45.87790374	4
6	46.06946874	13
6	46.30892474	5
6	46.69205374	4
6	46.88361874	1
6	46.99137374	11
6	47.26674774	1
6	47.36252974	14
6	47.79355074	12
6	48.09286974	4
6	48.30838074	1
6	48.44008074	13
6	49.61341474	4
6	49.79300574	5
6	49.91273374	11
6	50.40361874	4
6	50.58770274	9
6	50.91844874	1
6	50.99028474	10
6	51.88824474	4
6	52.05586374	4
6	52.23545474	5
6	52.38352774	4
6	52.61858474	12
6	53.51654374	1
6	53.64538874	5
6	53.85178174	13
6	54.21382874	5
6	54.30674774	5
6	54.46057374	4
6	54.71382274	1
6	54.79763174	6
6	54.95327874	7
6	55.24062474	4
6	55.46810774	8
6	55.86321074	1
6	55.94456674	5
6	56.17450274	1
6	56.32334174	5
6	56.61749574	8
6	57.04851674	7
6	57.40769974	9
6	58.34157774	6
6	58.54511474	11
6	58.85640774	13
6	59.41912874	7
6	59.70647574	1
6	59.77831274	9
6	60.64035274	10
6	61.19110174	5
6	61.38266574	6
6	61.56225774	4
6	61.82565874	7
6	62.10103374	1
6	62.26865274	5
6	62.43627174	5
6	62.66375474	7
7	0.586736359	11
7	1.179532195	6
7	1.418988195	8
7	1.694362195	9
7	2.051148195	1
7	2.304974195	7
7	2.747968195	7
7	2.999396195	16
7	3.370553195	9
7	4.256539195	4
7	4.460076195	7
7	4.711505195	1
7	4.795315195	10
7	5.274226195	11
7	6.507423195	4
7	6.639124195	4
7	6.806743195	8
7	7.201845195	3
7	7.440325195	2
7	7.668784195	4
7	7.974939195	1
7	8.068009195	11
7	8.494906195	11
7	8.937900195	8
7	9.835859195	1
7	10.03939619	6
7	10.56619919	6
7	11.02116519	8
7	11.60783219	4
7	11.75150519	2
7	11.92477219	3
7	12.05082519	7
7	12.30225319	11
7	12.69735519	1
7	12.86497419	4
7	13.03259319	1
7	13.12837619	1
7	13.20021319	11
7	13.55939619	1
7	13.65517919	1
7	13.75074419	10
7	15.16375019	4
7	15.29534219	13
7	15.87014419	7
7	16.21522319	1
7	16.32511019	12
7	16.79204919	5
7	16.92948519	6
7	17.13926019	8
7	17.50658319	3
7	17.59422619	1
7	17.69000819	8
7	17.96538319	4
7	18.18089319	6
7	18.33653919	8
7	19.29436219	4
7	19.43644819	4
7	19.57064319	5
7	19.88102919	8
7	20.14443019	2
7	20.25218519	4
7	20.40783219	3
7	20.60956819	8
7	20.92266119	5
7	21.19803619	1
7	21.32973619	5
7	22.42431519	7
7	22.98273719	3
7	23.13762719	1
7	23.22143719	8
7	23.65245719	5
7	23.97572319	9
7	24.33490619	6
7	24.56238919	8
7	24.86931419	9
7	25.22428019	1
7	25.32304019	8
7	25.63994019	14
7	26.17871619	6
7	26.40619919	5
7	26.64565519	3
7	26.83721919	10
7	27.26824019	6
7	28.32184519	1
7	28.52538319	9
7	28.97931419	2
7	29.14796819	4
7	29.28449919	1
7	29.37540519	7
7	29.71068919	9
7	30.23749119	4
7	30.57369419	13
7	31.08755919	11
7	31.47068919	7
7	32.57218519	6
7	32.77572319	8
7	33.15885219	1
7	33.24266119	7
7	33.56592719	11
7	33.94905619	8
7	34.20832419	2
7	34.32021319	1
7	34.39204919	11
7	35.06252519	1
7	35.24211719	1
7	35.37381819	6
7	35.55341019	7
7	36.15204919	13
7	36.60701519	2
7	36.81055319	14
7	38.83395419	13
7	39.28013419	10
7	39.71994019	1
7	39.80375019	9
7	40.31858019	1
7	40.55803619	7
7	40.83341019	2
7	40.93295319	10
7	41.19259319	6
7	41.54468219	1
7	41.59966819	8
7	42.04266119	12
7	43.41953219	3
7	43.64701519	6
7	43.91041719	10
7	44.25762719	5
7	44.42524719	1
7	44.53300219	12
7	44.85626719	10
7	45.89790019	6
7	46.13735519	15
7	46.50851219	7
7	46.96347819	1
7	47.13082219	9
7	47.40647119	8
7	47.68184519	1
7	47.75368219	12
7	48.65164119	6
7	48.95096119	1
7	49.12994919	20
7	49.98056919	11
7	50.33980419	2
7	50.57926019	7
7	50.86934519	8
7	52.20755919	5
7	52.35123319	6
7	52.58276819	16
7	53.05762719	1
7	53.15341019	5
7	53.34497419	5
7	53.50062119	1
7	53.62034919	2
7	53.79994019	9
7	54.19504219	10
7	54.66198119	1
7	54.84157319	14
7	55.27451119	4
7	55.67966819	9
7	56.01490619	6
7	56.32619919	14
7	56.68538319	1
7	56.82905619	11
7	57.17626719	12
7	57.79885219	1
7	57.90660719	6
7	58.22987219	9
7	58.51721919	16
7	59.98987219	4
7	60.12157319	6
7	60.30116519	6
7	60.55259319	3
7	60.74593719	6
7	61.01953219	5
7	61.17517919	6
7	61.29490619	8
7	61.67583719	7
7	61.84565519	1
7	61.96538319	14
8	0.342	1
8	0.453316684	6
8	0.696698684	4
8	0.960099684	4
8	1.067854684	8
8	1.391120684	4
8	1.582684684	6
8	1.785899684	7
8	2.504589684	7
8	2.779963684	9
8	3.043431684	13
8	4.204725684	2
8	4.289338684	4
8	4.480099684	3
8	4.671664684	1
8	4.839283684	6
8	5.279842684	7
8	5.629487684	5
8	5.928807684	7
8	6.240099684	4
8	6.311936684	12
8	7.545133684	8
8	7.676834684	5
8	7.856426684	2
8	7.964181684	9
8	8.251528684	2
8	8.335337684	6
8	8.486719684	11
8	8.780278684	5
8	8.957922684	5
8	9.083297684	1
8	9.137514684	13
8	10.53833168	2
8	10.64608668	5
8	10.96554568	2
8	11.10105268	6
8	11.74758268	4
8	11.94114868	2
8	12.09754168	5
8	12.40608668	9
8	12.57370568	5
8	12.75329768	1
8	12.90864768	9
8	14.40554168	2
8	14.57316068	2
8	14.70486168	6
8	15.29152868	4
8	15.60282068	6
8	15.93805868	5
8	16.09962068	1
8	16.23737868	1
8	16.33316068	6
8	16.58878068	7
8	16.91982768	5
8	17.03955568	9
8	17.54241268	11
8	18.36853568	2
8	18.49050868	13
8	18.90731068	5
8	19.03901168	12
8	19.41016768	1
8	19.48200468	5
8	19.76935168	2
8	19.92499768	6
8	20.24826368	7
8	20.55240368	7
8	20.93071268	11
8	21.44554168	5
8	21.58921568	6
8	21.97234468	10
8	23.78023568	4
8	24.00771868	10
8	24.40282068	1
8	24.47465768	3
8	24.64227668	5
8	24.80989568	5
8	25.19302468	2
8	25.33669868	10
8	25.67193668	4
8	25.86350168	1
8	25.98322968	7
8	26.27057568	9
8	27.04880768	4
8	27.16853568	6
8	27.34812668	8
8	27.59955568	6
8	27.87492968	1
8	27.97071268	1
8	28.07846768	9
8	28.91656268	9
8	29.15601868	11
8	29.52717468	6
8	29.70676668	7
8	29.97016768	6
8	30.23356968	7
8	30.60134568	8
8	30.87189968	3
8	31.07166468	2
8	31.56254868	3
8	31.76500368	4
8	31.84989568	5
8	32.14921568	8
8	32.46050768	1
8	32.55502068	7
8	32.79574668	1
8	32.95139268	9
8	33.37043968	2
8	33.46622268	14
8	33.88526968	5
8	34.24679868	5
8	34.42404568	5
8	34.62758268	15
8	36.50731068	3
8	36.78268468	5
8	37.18975968	6
8	37.38132468	7
8	37.69563868	1
8	37.82431768	7
8	38.20744668	11
8	38.63846768	3
8	38.84414568	2
8	39.89560968	5
8	40.05125668	9
8	40.67384168	4
8	40.89738268	3
8	41.38023568	6
8	41.64335668	6
8	42.48531868	6
8	42.69526868	13
8	43.65506568	1
8	43.78676668	9
8	44.02622268	1
8	44.09805868	11
8	44.37813868	1
8	44.50513368	1
8	44.60091668	11
8	44.98404568	4
8	45.14867568	1
8	45.19955568	9
8	45.61860368	10
8	46.21724268	3
8	46.37288868	1
8	46.46867168	8
8	47.09125668	11
8	47.47432668	4
8	48.13288868	14
8	48.81763268	11
8	49.19846768	3
8	49.41284968	2
8	49.50975968	2
8	49.68486368	8
8	50.09642668	10
8	51.05424968	2
8	51.25778668	4
8	51.42878868	4
8	51.71275268	6
8	52.07193668	6
8	52.32336568	1
8	52.38546568	6
8	52.67957768	11
8	53.07350368	4
8	53.44880768	4
8	53.58050768	1
8	53.68826368	11
8	54.20309268	7
8	54.44927568	13
8	54.90948768	4
8	55.06830168	3
8	55.29261668	7
8	55.54404568	1
8	55.66377368	4
8	55.85533768	2
8	56.19057568	2
8	56.36615368	1
8	56.44407368	13
9	0.432017422	5
9	1.046814784	2
9	1.198493784	4
9	1.394025784	7
9	1.753209784	6
9	2.133840784	6
9	2.351848784	6
9	2.709578784	1
9	2.789662784	6
9	3.118107784	8
9	3.441372784	2
9	3.531518784	2
9	3.620964784	11
9	3.980148784	13
9	4.470263784	3
9	4.591471784	3
9	5.488719784	2
9	5.584501784	6
9	5.805111784	5
9	5.991576784	7
9	6.219059784	7
9	6.747998784	8
9	7.069127784	7
9	7.308583784	10
9	7.957913784	4
9	8.266406784	8
9	8.711133784	5
9	8.810731784	5
9	8.876990784	7
9	9.320012784	14
9	10.15810778	1
9	10.32572678	13
9	10.61663678	5
9	10.82858378	4
9	11.00817578	10
9	11.41525078	13
9	11.95402578	1
9	12.03786078	5
9	12.30624978	13
9	12.89987678	7
9	13.70205278	4
9	13.92953578	6
9	14.31266578	4
9	14.48028478	4
9	14.91130478	3
9	15.13878778	8
9	15.58178078	1
9	15.67756378	8
9	16.27620278	9
9	16.70722278	5
9	16.85089678	9
9	17.19810778	5
9	17.30586278	11
9	17.65307378	5
9	18.37144078	6
9	18.70667878	3
9	19.52082878	2
9	19.65559478	1
9	19.73351478	8
9	20.02368578	9
9	20.39484178	13
9	20.77797178	4
9	21.01742778	11
9	21.42450178	2
9	21.60409378	4
9	21.75973978	2
9	21.92735978	9
9	22.18067778	2
9	22.33868078	6
9	22.54863078	7
9	23.23239378	1
9	23.42395778	2
9	23.55565878	4
9	23.67538678	2
9	23.79511478	8
9	24.07048878	4
9	24.21416178	10
9	24.58531878	6
9	25.07620278	12
9	25.49525078	3
9	25.69193578	1
9	25.74667878	12
9	26.12185278	2
9	26.23756378	8
9	26.68055678	16
9	27.87783578	1
9	27.98678578	6
9	28.16643278	5
9	28.28547678	7
9	28.64409378	12
9	29.25470578	2
9	29.45824378	4
9	29.60191678	2
9	29.74559078	11
9	30.14069278	6
9	30.46395778	4
9	30.60070978	1
9	30.66780778	11
9	31.05062478	11
9	31.44182278	13
9	32.34368578	2
9	32.44232778	2
9	32.52403678	8
9	32.97824378	9
9	33.36137278	1
9	33.49307378	10
9	34.04382178	3
9	34.21144078	2
9	34.37905978	12
9	34.78613478	3
9	34.88191678	8
9	36.83348178	7
9	37.27647478	3
9	37.53987678	11
9	37.86314178	4
9	38.05395178	3
9	38.40191678	11
9	38.76524378	13
9	39.51538678	4
9	39.71759178	13
9	40.16191678	16
9	40.52110078	1
9	40.62885578	11
9	41.07184878	2
9	41.65851578	1
9	41.83810778	10
9	42.28110078	2
9	42.48463778	6
9	42.92763178	8
9	43.77769978	2
9	43.92081278	5
9	44.31647478	2
9	44.49606678	7
9	45.05878778	1
9	45.12206978	9
9	45.41779278	1
9	45.59756378	11
9	45.99266578	15
9	46.52381478	1
9	46.69905978	13
9	47.22586278	16
9	48.21960378	16
9	48.97388978	16
9	49.95565878	15
9	50.35076078	11
9	50.84164478	6
9	51.40651578	1
9	51.57198478	9
9	51.83538678	17
9	52.20247578	13
9	53.83484178	6
9	54.08627078	6
9	54.39756378	8
9	55.04409378	10
9	55.42390078	2
9	55.53645078	7
10	1.051980798	4
10	1.160767	1
10	1.308375	11
10	2.14647	10
10	2.787119	6
10	3.069088	13
10	3.670205	2
10	3.810893	7
10	4.110007	3
10	4.193817	14
10	4.602269	5
10	4.780483	5
10	4.907454	1
10	5.004853	13
10	6.456674	1
10	6.616548	4
10	6.895759	2
10	7.007422	4
10	7.246878	11
10	8.24062	6
10	8.396266	4
10	8.575858	6
10	8.851232	5
10	9.078715	10
10	9.354089	11
10	9.737218	7
10	10.371776	1
10	10.52606	6
10	10.623205	9
10	11.042252	18
10	11.395356	5
10	11.581028	4
10	11.688783	1
10	11.856402	7
10	12.167694	2
10	12.335313	6
10	12.514905	4
10	12.742388	6
10	12.969871	1
10	13.13749	6
10	13.364973	8
10	13.772048	2
10	13.891776	7
10	14.286878	7
10	14.514361	1
10	14.598171	7
10	14.933409	9
10	15.376402	6
10	15.670657	2
10	15.891232	12
10	16.214497	11
10	17.782932	6
10	18.166062	7
10	18.513273	6
10	18.728783	12
10	19.075994	2
10	19.363341	1
10	19.399259	7
10	19.674633	9
10	20.47681	1
10	20.596538	6
10	20.788103	4
10	20.931776	6
10	21.123341	4
10	21.302932	7
10	21.566334	1
10	21.638171	13
10	21.978912	5
10	22.200892	8
10	23.18266	6
10	23.370085	9
10	23.69749	1
10	23.761846	7
10	24.068647	12
10	24.487694	4
10	24.787014	3
10	25.876538	2
10	26.066158	2
10	26.126762	7
10	26.511096	7
10	26.894225	2
10	27.063155	5
10	27.528783	6
10	27.755772	13
10	28.127422	1
10	28.24715	11
10	29.169055	2
10	29.291711	4
10	29.444429	7
10	29.8826	5
10	30.043068	13
10	30.641708	5
10	30.917082	1
10	30.976946	14
10	32.341844	2
10	32.473545	9
10	32.844701	4
10	33.000347	2
10	33.09613	6
10	33.347558	3
10	33.479259	5
10	33.802524	5
10	35.200401	1
10	35.299123	6
10	35.442796	8
10	35.658307	1
10	35.813953	12
10	36.292864	4
10	36.484429	1
10	36.568239	10
10	36.915449	1
10	37.035177	1
10	37.095041	14
10	37.564513	9
10	37.753545	5
10	38.136674	6
10	38.447966	1
10	38.579667	14
10	39.027666	2
10	39.202252	12
10	39.464076	5
10	40.207966	2
10	40.327694	6
10	40.495313	6
10	40.67832	3
10	40.926334	8
10	41.357354	7
10	41.776402	7
10	42.11164	8
10	42.446878	6
10	42.681776	1
10	42.758171	7
10	43.835722	6
10	44.265333	1
10	44.362524	7
10	44.841436	10
10	45.236538	2
10	45.404157	8
10	45.775313	5
10	45.974426	9
10	46.816946	6
10	46.996538	9
10	47.534175	3
10	47.738851	7
10	48.055802	6
10	48.313545	1
10	48.433273	11
10	48.799561	4
10	48.948103	7
10	50.145381	4
10	50.268403	13
10	50.755994	2
10	50.839803	9
10	51.132009	13
10	51.606062	5
10	51.737762	6
10	51.905381	7
10	52.204701	1
10	52.324429	1
10	52.468103	9
10	53.330143	6
10	53.535131	7
10	53.868919	6
10	54.037468	5
10	54.104375	12
10	54.599259	1
10	54.697428	7
10	55.030279	11
10	55.413409	8
10	56.347286	1
10	56.497428	5
10	56.646606	6
10	56.802252	8
10	56.993817	6
10	57.245245	1
10	57.353	1
10	57.460756	9
10	57.843885	2
10	58.204357	2
10	58.670007	6
10	58.874526	7
10	59.124973	6
10	59.244701	6
10	59.448239	3
10	59.855313	10
10	60.430007	10
10	60.784961	2
11	0.27448538	6
11	0.489783265	6
11	0.701863265	6
11	1.064477265	2
11	1.279987265	8
11	1.615225265	14
11	2.130055265	7
11	2.369511265	1
11	2.453320265	11
11	3.578762265	1
11	3.695823265	6
11	3.866109265	8
11	4.201347265	6
11	4.333048265	7
11	4.895769265	1
11	4.979579265	12
11	5.303189265	5
11	5.494409265	4
11	5.650055265	1
11	5.733864265	1
11	5.865565265	10
11	6.188830265	1
11	6.272640265	1
11	6.356450265	9
11	7.278354265	4
11	7.393222265	2
11	7.505837265	4
11	7.685429265	6
11	7.875889265	14
11	9.194001265	1
11	9.325252265	5
11	9.469375265	6
11	9.660939265	5
11	9.828558265	11
11	10.29549727	11
11	10.74864127	5
11	10.94202827	3
11	11.12162027	8
11	12.16325227	1
11	12.25903527	9
11	12.56379227	7
11	12.84733227	7
11	13.14502127	10
11	13.46828627	7
11	13.72765427	1
11	13.87483527	13
11	16.28696427	7
11	16.54529327	4
11	16.65188127	2
11	17.00025927	5
11	17.33454727	5
11	17.69468127	12
11	18.20817227	5
11	18.42677927	2
11	19.08352427	6
11	19.30694727	13
11	19.76597327	1
11	19.90000027	11
11	20.38855827	8
11	20.66404327	14
11	21.80822127	2
11	21.95540227	12
11	22.55711327	2
11	22.68048627	1
11	22.80385827	9
11	23.05060327	7
11	23.38175627	3
11	23.77055327	10
11	25.46502127	6
11	25.67877427	9
11	26.12352427	9
11	26.38692627	11
11	26.79400127	6
11	27.15318427	5
11	27.34890827	9
11	28.04368927	7
11	28.13459527	6
11	28.35046327	6
11	28.67372827	13
11	29.14066727	10
11	29.57962927	2
11	30.36189227	1
11	30.50952927	9
11	31.09223227	6
11	31.20863927	17
11	31.67889927	11
11	32.12189227	4
11	32.44382327	13
11	33.13957927	3
11	33.30719827	1
11	33.41495327	9
11	33.67835427	12
11	34.09880627	6
11	34.31291227	6
11	34.54251427	9
11	35.46230027	1
11	35.62991927	7
11	35.98910327	12
11	36.43209627	8
11	36.74338827	1
11	36.82719827	7
11	37.29413727	6
11	37.40227927	7
11	37.64134727	11
11	38.03645027	2
11	38.14420527	7
11	38.44352427	14
11	38.86029927	11
11	39.36028127	2
11	39.47716127	1
11	39.53304827	7
11	39.81697627	1
11	39.95209627	19
11	40.41903527	6
11	40.62257227	4
11	40.81413727	9
11	41.15605227	7
11	41.62828627	11
11	42.80162027	2
11	42.93332027	3
11	43.19672227	11
11	43.73549727	9
11	44.15454527	4
11	44.42991927	13
11	44.78418927	1
11	44.92080327	13
11	45.44760627	1
11	45.53141627	3
11	45.73495327	6
11	45.96243627	5
11	47.53087127	4
11	47.61445627	2
11	47.73785527	2
11	47.87808227	5
11	48.21969227	5
11	48.56600027	6
11	49.42094927	7
11	49.59019127	9
11	49.92542927	13
11	50.31621827	1
11	50.44025927	12
11	50.87127927	1
11	50.94311627	3
11	51.15862627	6
11	51.42202827	5
11	51.84107527	6
11	52.37985127	4
11	52.51428327	2
11	52.65522527	11
11	53.05558027	7
11	53.42148427	1
11	53.64896727	4
11	53.79717427	1
11	53.89024527	6
11	54.21168827	4
11	54.51732527	14
11	55.33114927	7
12	0.229476225	8
12	0.504358225	6
12	0.658032225	10
12	0.974924225	11
12	1.266236225	3
12	1.441863225	1
12	1.515146225	7
12	1.801046225	11
12	2.220094225	7
12	2.687033225	2
12	2.794788225	4
12	2.926489225	11
12	3.293501225	7
12	3.561046225	1
12	3.644856225	9
12	4.698461225	6
12	4.925944225	10
12	5.309074225	2
12	5.883767225	1
12	6.135196225	7
12	6.460615225	2
12	6.605632225	2
12	6.759306225	1
12	6.841591225	6
12	7.215196225	8
12	7.643767225	12
12	8.613563225	3
12	8.733291225	5
12	9.008665225	1
12	9.116421225	8
12	9.686169225	10
12	9.997846225	4
12	10.76866522	5
12	11.02009422	14
12	11.58281522	11
12	11.93204022	2
12	12.06623522	18
12	14.03723722	6
12	14.85138722	2
12	14.97902622	4
12	15.12676122	13
12	15.36356422	2
12	15.84512822	6
12	16.09655722	13
12	16.51640022	1
12	16.62895022	4
12	16.79561122	2
12	16.92267922	8
12	17.18608022	4
12	17.35369922	10
12	17.58482322	10
12	18.06009422	2
12	18.17982222	4
12	18.36185322	10
12	18.65873322	1
12	18.76648922	8
12	19.66444822	1
12	19.79822922	4
12	19.92784922	2
12	20.05955022	8
12	20.31097822	4
12	20.45465222	10
12	20.63520822	10
12	21.61601222	2
12	21.75968622	4
12	21.96322322	14
12	22.27451622	7
12	22.50199922	1
12	22.60975422	9
12	23.48376722	4
12	23.69927822	7
12	24.01057022	6
12	24.23805322	2
12	24.29119422	4
12	24.35778122	5
12	24.52312722	6
12	24.77682922	1
12	24.87261122	11
12	25.60295122	1
12	25.73520622	2
12	25.88671622	4
12	26.00582122	3
12	26.04594422	8
12	26.27342722	5
12	26.52874722	9
12	28.09329122	6
12	28.36866522	12
12	28.62009422	1
12	28.73304122	7
12	29.23070622	8
12	30.29628522	1
12	30.38440322	6
12	30.59651722	16
12	31.20621622	1
12	31.35759122	11
12	32.59506022	5
12	32.88134922	6
12	33.90446822	5
12	34.20039122	6
12	35.41247022	10
12	35.71116122	6
12	35.81574022	8
12	36.16272222	3
12	36.28267922	1
12	36.35451622	8
12	36.64186322	1
12	36.71369922	6
12	36.85737322	8
12	37.14472022	1
12	37.28839322	7
12	37.62363122	5
12	37.84378222	6
12	38.04267922	2
12	38.19832522	4
12	38.36594422	10
12	39.52730522	1
12	39.62012722	6
12	39.79070622	4
12	39.97029822	8
12	40.22183822	10
12	40.96404022	1
12	41.03587622	6
12	41.34246222	2
12	41.45492422	6
12	41.64648922	12
12	42.05356322	1
12	42.12540022	6
12	42.44866522	8
12	43.71778122	1
12	43.87342722	3
12	43.99315522	7
12	44.34292322	3
12	44.65165922	9
12	45.22635322	9
12	45.67792422	5
12	45.89682922	4
12	46.06444822	13
12	46.32784922	12
		13
		13
		11
		10
		8
		6
		6
		6
		6
		5
		4
		4
		4
		3
		2
		2
		2
		2
		1
		1