passage	time	value
1	0.046	1
1	0.562721	2
1	0.784543	3
1	1.256929	4
1	1.352925	5
1	1.616327	6
1	2.310749	7
1	2.799918	8
1	2.938712	9
1	3.30449	10
1	3.484082	11
1	3.654596	12
1	4.106667	13
1	4.274286	14
1	4.398799	15
1	4.785961	16
1	4.908844	17
1	5.034329	18
1	5.435647	19
1	5.890613	20
1	6.051306	21
1	7.147755	1
1	7.380186	2
1	7.4995	3
1	7.957925	4
		5
1	8.261225	6
1	8.560545	7
1	8.776055	8
1	8.88381	9
1	9.231021	10
1	9.31483	11
1	9.709932	12
1	9.961361	13
1	10.811429	14
1	10.926947	15
1	11.014966	16
1	11.29034	17
1	11.422041	18
1	11.928449	19
1	12.033452	20
1	12.882923	21
1	13.013482	22
1	13.777672	23
1	13.943927	24
1	14.110704	25
1	14.226852	26
1	14.407012	27
1	14.726531	28
1	14.822313	29
1	15.034115	30
1	15.430794	1
1	15.847213	2
1	16.232225	3
1	16.567652	4
1	17.109154	5
1	17.266659	6
1	19.526536	1
1	19.721958	2
1	19.926131	3
1	20.17415	4
1	20.928436	5
1	21.024218	6
1	21.269652	7
1	21.50313	8
1	22.165075	9
1	22.413062	10
1	22.641249	11
1	22.736327	12
1	22.927891	13
1	23.382857	14
1	23.51412	15
1	23.598368	16
1	23.897687	17
1	24.161089	18
1	24.364626	19
1	24.483259	20
1	24.735783	21
1	25.059048	22
1	25.541189	23
1	25.680794	24
1	26.878912	25
1	27.142313	26
1	27.314162	27
1	27.776871	28
1	27.884626	29
1	28.255783	30
1	28.376346	31
1	28.818504	32
1	29.297415	33
1	29.477007	34
1	29.608708	35
1	29.872109	36
1	29.95905	37
1	30.36463	38
1	30.458776	39
1	30.840804	40
1	31.021497	41
1	31.177122	42
1	31.512381	43
1	31.586956	44
1	32.833264	1
1	33.035638	2
1	34.074558	3
1	34.190765	4
1	34.565443	5
1	34.972517	6
1	35.140136	7
1	35.511293	8
1	35.945261	9
1	36.157823	10
1	36.564898	11
1	36.768436	12
1	38.468572	1
1	38.632328	2
1	38.80381	3
1	39.174966	4
1	39.468477	5
1	40.04898	6
1	40.773225	7
1	40.934966	8
1	41.820953	9
1	42.042964	10
1	42.204082	11
1	42.611157	12
1	42.802721	13
1	42.900757	14
1	43.133433	15
1	43.473198	16
1	43.784524	17
1	43.954431	18
1	44.059864	19
1	44.155647	20
1	44.466939	21
1	44.632655	22
1	44.802177	23
1	44.909932	24
1	45.258174	25
1	45.496599	26
1	45.689575	27
1	46.805793	28
1	46.935658	29
1	47.651701	30
1	47.771429	31
1	48.307503	32
1	48.372361	33
1	48.573606	34
		35
1	48.718395	36
1	50.06082	37
1	50.180945	38
1	50.361373	39
1	50.602707	40
1	50.724997	41
1	51.051973	42
1	51.722449	43
1	51.818232	44
1	52.213334	45
1	52.333062	46
1	52.553259	1
1	52.92836	2
1	53.150214	3
1	53.386667	4
1	53.557126	5
1	53.793742	6
1	54.12898	7
1	54.368436	8
1	54.691701	1
1	54.823402	2
1	55.050885	3
1	55.146667	4
1	55.626219	5
1	55.734441	6
1	55.885951	7
1	56.195464	8
1	56.439728	9
2	0.479839572	10
2	0.592424402	11
2	0.810806402	12
2	0.912952402	13
2	1.415810402	14
2	1.918667402	15
2	2.385605402	16
2	2.557777402	17
2	3.211728402	18
2	3.431803402	19
2	3.595218402	20
2	3.790771402	21
2	4.384907402	22
2	5.637331402	23
2	5.747717402	24
2	6.073224402	25
2	6.286257402	26
2	6.887374402	27
2	6.992943402	28
2	7.150775402	29
2	7.541223402	30
2	8.467782402	31
2	8.946694402	32
2	9.365741402	33
2	9.557306402	34
2	9.696188402	35
2	10.1080544	36
2	10.3256874	37
2	10.4425664	38
2	10.8503674	39
2	11.3053334	40
2	11.3771704	41
2	12.1913204	42
2	12.3150514	43
2	12.4278374	44
2	12.5354954	45
2	12.9096874	46
2	13.3209554	47
2	13.7505944	48
2	13.8315924	49
2	14.2027484	50
2	14.3713834	51
2	14.7563734	52
2	14.8570194	53
2	15.2922724	54
2	15.8430204	55
2	16.1249724	56
2	16.1782584	57
2	16.5853334	58
2	16.7050614	59
2	16.9804354	60
2	17.1816424	61
2	17.3169194	62
2	18.0100954	1
2	18.2734974	2
2	18.6566264	3
2	18.8172454	4
2	20.0813884	5
2	20.2968984	6
2	20.5483274	7
2	20.9434294	8
2	21.0392114	9
2	21.4103674	10
2	21.8665724	11
2	22.4041094	1
2	22.5977474	2
2	23.5894154	3
2	23.8647894	4
2	24.2479184	5
2	24.3796194	6
2	24.6888614	7
2	24.7866944	8
2	24.9782584	9
2	25.1339054	10
2	25.4691434	11
2	25.6916714	12
2	25.7988114	13
2	26.1875104	14
2	26.5227484	15
2	26.8220684	16
2	27.1009914	17
2	27.2092134	18
2	28.6539054	1
2	28.8555384	2
2	29.2764904	3
2	29.8392114	4
2	30.1744494	5
2	30.3537254	6
2	30.7611164	7
2	31.1847124	8
2	31.7069664	9
2	31.9823404	10
2	32.3775904	11
2	33.1915924	12
2	33.4658944	13
2	33.5866944	14
2	33.6705034	15
2	34.0775784	16
2	34.2451974	17
2	34.4726804	18
2	34.5684634	19
2	34.7251894	20
2	34.9359684	21
2	36.4990384	1
2	36.5866974	2
2	36.9630204	3
2	37.1545854	4
2	37.3092894	5
2	37.6848174	6
2	37.8729524	7
2	38.0506054	8
2	38.1270404	9
2	38.5314564	10
2	38.7110484	11
2	39.0103674	12
2	39.6090074	13
2	39.7885994	14
2	40.0041094	15
2	40.2555374	16
2	40.8422044	17
2	41.4528164	18
2	41.7985404	19
2	42.7219324	20
2	42.8468034	21
2	43.2607074	22
2	43.4437824	23
2	43.6191014	24
2	43.6677824	25
2	44.2065584	26
2	44.2903674	27
2	44.5548144	28
2	44.8416004	29
2	45.3433954	30
2	45.8588034	31
2	46.1940414	32
2	46.4215244	33
2	46.6729524	34
2	47.1039734	35
2	47.4631564	36
		37
		38
		39
		40
2	47.6700554	41
2	47.7624764	42
2	48.1934974	43
2	48.5287354	44
2	50.2168984	1
2	50.5641094	2
2	50.6958104	3
2	50.9951294	4
2	51.1747214	5
2	51.5339054	6
2	52.1325444	7
2	52.1874444	8
2	52.4438374	9
2	52.6592904	10
2	52.9445924	11
2	54.0841094	12
2	54.2320244	13
2	54.3954014	14
2	54.5989394	15
2	55.1504224	16
2	55.3053334	17
2	55.6284084	18
2	55.7602994	19
2	55.9398914	20
2	56.1793474	21
2	56.8617964	22
2	56.9934974	23
2	57.2449254	24
2	57.6156304	25
2	57.8794834	26
2	58.0111844	27
2	58.1660754	28
2	58.5156304	29
2	58.6816604	30
2	58.8612524	31
2	59.1485994	32
2	59.2511584	33
2	59.6873744	34
3	0.478723402	1
3	0.986269787	2
3	1.201780787	3
3	1.501099787	4
3	1.604642787	5
3	1.836337787	6
3	2.183548787	7
3	2.315249787	8
3	2.602596787	9
3	2.842052787	10
3	2.961780787	11
3	3.143827787	12
3	3.332936787	13
3	3.716065787	14
3	4.506269787	1
3	4.611587787	2
3	4.721780787	3
3	4.889399787	4
3	5.057018787	5
3	5.308446787	6
3	5.446654787	7
3	5.695563787	8
3	7.200147787	1
3	7.403684787	2
3	7.667086787	3
3	7.913297787	4
3	8.026269787	5
3	8.110079787	6
3	8.487551787	7
3	8.565045787	8
3	8.667198787	9
3	9.522868787	10
3	9.679748787	11
3	10.07361679	12
3	10.20531779	13
3	10.33701879	14
3	10.46871879	15
3	10.80395679	16
3	10.97157679	17
3	11.55766779	18
3	11.76178079	19
3	14.07252879	1
3	14.32043479	2
3	14.47960379	3
3	14.75497779	4
3	15.00640579	5
3	15.24713779	6
3	15.78066979	7
3	15.90436579	8
3	16.37130379	9
3	16.54214579	10
3	16.72362579	11
3	16.91007979	12
3	18.27497779	13
3	18.45456979	14
3	18.69402479	15
3	18.96623079	16
3	19.05320879	17
3	19.47225679	18
3	19.63987579	19
3	19.80749479	20
3	19.89130379	21
3	19.98708679	22
3	20.45402479	23
3	20.52586179	24
3	20.72939979	25
3	21.66327679	26
3	21.80789779	27
3	22.00702479	28
3	22.57196479	29
3	23.11249479	30
3	24.33320879	1
3	24.46490979	2
3	24.54871879	3
3	24.69239279	4
3	25.04467379	5
3	25.78191679	6
3	25.90463179	7
3	26.10518179	8
3	27.24259679	9
3	27.42218879	10
3	27.57783479	11
3	27.76956379	12
3	27.93701879	13
3	28.03280079	14
3	28.35606579	15
3	28.45184879	16
3	28.70327679	1
3	28.87089579	2
3	29.17021579	3
3	29.24205279	4
3	29.61320879	5
		6
3	30.41538579	7
3	30.57975079	8
3	30.75062379	9
3	31.20558979	10
3	31.28939979	11
3	31.48191579	12
3	31.60636979	13
3	31.94790279	14
3	32.11244379	15
3	32.21130379	16
3	32.30183079	17
3	32.80994379	18
3	32.89375279	19
3	33.09729079	20
3	33.31280079	21
3	33.74353779	22
3	35.74327679	1
3	36.53985379	2
3	36.69745379	3
3	37.12014779	4
3	37.25262979	5
3	37.91008579	6
3	38.25314779	7
3	38.52478379	8
3	38.58082779	9
3	38.85445579	10
3	39.05973979	11
3	39.34469879	12
3	39.40695079	13
3	39.61048779	14
3	39.88586179	15
3	40.47252879	16
3	40.55633779	17
3	41.02327679	18
3	41.27470579	19
3	42.67552179	20
3	43.00499679	21
3	43.52558979	22
3	43.66323679	23
3	43.76783279	24
3	43.95661079	25
3	44.25592979	26
3	44.37565779	27
3	44.51420779	28
3	45.42502979	29
3	45.72658979	30
3	45.81239279	31
3	46.00234879	32
3	46.11171279	33
3	46.32722279	34
3	46.81303279	35
3	47.10374579	36
3	47.24876179	1
3	47.52689079	2
3	47.68014779	3
3	47.82382079	4
3	48.07625279	5
3	48.25484179	6
3	48.36628679	7
3	48.66191679	8
3	48.74572579	9
3	48.86911379	10
3	50.01484179	11
3	50.24312279	12
3	50.42191679	13
3	50.68426379	14
3	51.08674579	15
3	52.75661079	1
3	53.76232479	2
3	54.89973979	3
3	55.98926379	4
3	56.08979379	5
3	56.15689079	6
3	56.43225679	7
3	57.00927379	8
3	57.28232479	9
3	57.45149679	10
3	57.59651379	11
3	58.81484179	12
3	58.99095979	13
3	59.42545379	14
3	59.71888679	15
3	59.94028379	16
3	60.45575679	17
3	60.56654879	18
3	60.64667879	19
3	61.05375279	20
3	61.26926379	21
3	61.59139379	22
3	62.07143979	23
3	62.26300479	24
3	62.53837879	25
		1
4	0.398385787	2
4	0.689427631	3
4	0.840937631	4
4	1.126349631	5
4	1.542891631	6
4	1.772879631	7
4	1.844716631	8
4	2.251791631	9
4	2.347573631	10
4	2.485197631	11
4	3.125805631	1
4	3.353288631	2
4	3.473015631	3
4	3.808254631	4
4	3.990834631	5
4	4.155464631	6
4	4.632185631	7
4	5.077369631	8
4	5.460498631	9
4	5.903492631	10
4	6.262675631	11
4	6.346485631	12
4	7.172607631	13
4	7.253283631	14
4	7.388559631	15
4	7.699410631	16
4	8.094512631	17
4	8.250158631	18
4	8.465668631	19
4	8.860771631	20
4	9.219954631	21
4	9.339682631	22
4	9.567165631	23
4	9.794648631	24
4	9.926349631	25
4	10.08199563	26
4	10.51044763	27
4	10.60879863	28
4	10.72852663	29
4	11.11381763	30
4	11.74621363	31
4	11.95457563	32
4	12.06387963	33
4	12.28498863	34
4	12.44063463	35
4	12.64462563	36
4	12.75192763	37
4	13.24281163	38
4	13.47324963	39
4	14.23655363	40
4	14.41614563	41
4	14.85699863	42
4	15.11056663	43
4	15.19437663	44
4	15.75709763	45
4	15.93668963	46
4	16.09233563	47
4	16.27192763	48
4	16.43954663	49
4	16.58322063	50
4	16.77246763	51
4	17.08607763	52
4	17.28976663	53
4	18.00798163	1
4	18.31422063	2
4	18.42702963	3
4	18.61859463	4
4	18.79818563	5
4	19.31301563	6
4	19.38505963	7
4	19.67375863	8
4	19.78522663	9
4	20.63002263	1
4	21.12090763	2
4	21.36644463	3
4	21.43219963	4
4	21.71954663	5
4	21.81532863	6
4	22.11464863	7
4	23.18022663	8
4	23.34784563	9
4	23.51076263	10
4	23.65036763	11
4	24.00634963	12
4	24.17712863	13
4	24.82182563	14
4	24.94022663	15
4	25.57799163	16
4	25.70940763	17
4	25.77832263	18
4	26.11436663	19
4	27.16716563	20
4	27.59113663	1
4	28.00526063	2
		3
		4
4	28.35477763	5
4	28.68770963	6
4	28.84335663	7
4	29.40607763	8
4	30.17233563	9
4	30.31600963	10
4	30.89070263	11
4	31.93233563	12
		13
4	32.08798163	14
4	32.31546463	15
4	32.43519263	16
4	32.55492063	17
4	32.89015863	18
4	33.27328863	19
4	33.70494363	20
4	33.81316563	21
4	35.16498863	1
4	35.61995463	2
4	35.85941063	3
4	36.26648563	4
4	37.59546463	5
4	37.73208963	6
4	38.12817963	7
4	38.24181263	8
4	38.40054563	9
4	38.79274363	10
4	39.11600963	11
4	39.35546463	12
4	39.88226763	13
4	40.07216363	14
4	41.04362863	15
4	41.40281163	16
4	41.69015863	17
4	41.80957263	18
4	41.92961463	19
4	42.24090763	20
4	42.33668963	21
4	42.57203263	22
4	42.72981063	23
4	43.04308363	24
4	43.15083963	25
4	43.66566863	26
4	43.83328863	27
4	44.10866263	28
4	44.25233563	29
4	44.41995463	30
4	44.81505663	31
4	46.10811763	32
4	46.25192363	33
4	47.24553263	1
4	47.56879863	2
4	48.95285963	3
4	49.10869863	4
4	49.35274363	5
4	49.69995463	6
4	49.96335663	7
4	50.09505663	8
4	50.44226763	9
4	50.56199563	10
4	50.76290263	11
4	51.24444463	12
4	51.45995463	13
4	51.92689363	14
4	52.06513863	15
4	52.20226763	16
4	52.37652063	17
4	52.48961463	18
4	52.87317663	19
4	52.97145863	20
4	53.21995463	21
4	53.33968263	22
4	53.61505663	23
4	55.17151963	24
4	55.23582963	25
4	55.40110663	26
4	55.60253963	27
4	55.77015863	28
4	55.92580563	29
4	56.21315163	30
4	56.38657763	31
4	56.57233563	32
4	56.73995463	33
4	56.96743763	34
4	57.03927463	35
4	57.11111163	36
4	57.60199563	37
4	57.86539663	1
4	57.99709763	2
4	59.03873063	1
4	59.37396863	2
4	60.03247163	3
4	60.27228563	4
4	60.51457663	5
4	60.62911563	6
4	61.23515563	7
4	61.40908963	8
4	63.22920663	9
4	63.28054363	10
4	63.46866263	11
4	63.74156763	12
4	63.80390063	13
4	64.32668563	14
4	64.41084863	15
4	64.56802363	16
4	65.36036263	17
4	65.79138363	18
4	66.51241563	19
4	66.65526763	20
4	66.73779663	21
4	66.85223063	22
4	67.25244963	23
4	67.44362863	24
4	67.65913863	25
4	68.03985163	26
4	68.15456663	27
4	68.26278763	28
4	68.43736963	29
4	68.59301563	30
4	68.76063463	31
4	69.12991863	32
5	0.561145631	33
5	0.689847173	34
5	0.936113173	35
5	1.115705173	36
5	1.618562173	37
5	1.858018173	38
5	2.107547173	39
5	2.220976173	40
5	2.312984173	41
5	2.528494173	42
5	2.648222173	43
5	2.847481173	44
5	4.108902173	45
5	4.527950173	1
5	4.666011173	2
5	4.803324173	3
5	5.126589173	4
5	5.261374173	5
5	5.371760173	6
5	6.383732173	7
5	6.833959173	8
5	6.910535173	9
5	7.113220173	10
5	7.305637173	11
5	7.437338173	12
5	7.704109173	13
5	7.877263173	14
5	9.664277173	1
5	10.26291617	2
5	10.81366417	3
5	11.98699817	4
5	12.15461717	5
5	12.32223617	6
5	12.71894017	7
5	13.01979617	8
5	13.13638517	9
5	13.45965117	1
5	13.66318817	2
5	14.08223617	3
5	14.32169217	4
5	14.64495717	5
5	15.19176917	6
5	16.79702417	7
5	17.12403517	8
5	17.31648717	9
5	17.64764417	10
5	17.80577317	11
5	18.18890217	12
5	18.56005917	13
5	18.92607117	14
5	19.00305217	15
5	19.31350417	16
5	20.90959317	17
5	21.25590217	18
5	21.48749517	19
5	21.59138817	20
5	23.12299917	1
5	23.22256217	2
5	23.45848517	3
5	23.56870017	4
5	23.64895517	5
5	24.04359617	6
5	24.15261217	7
5	24.61147117	8
5	24.73801817	9
5	25.07249417	10
5	25.18504417	11
5	25.48033117	12
5	26.76141917	1
5	27.09665817	2
5	27.26427717	3
5	27.51271417	4
5	27.59951517	5
5	27.92278017	6
5	28.03053517	7
5	28.13829017	8
5	28.47352817	9
5	28.66509317	10
5	29.01230417	11
5	29.89829017	12
5	30.06590917	13
5	30.10182817	14
5	30.34671017	15
5	30.73638517	16
5	30.82019517	17
5	30.97584117	18
5	31.20165917	19
5	31.26007417	20
5	31.34018317	21
5	31.75407217	22
5	31.96958317	23
5	32.06536517	24
5	32.33718017	25
5	32.58019517	26
5	32.65203217	27
5	33.74155517	28
5	33.84931117	29
5	34.00050617	30
5	34.10073917	31
5	34.37743117	32
5	34.69127317	33
5	34.74727017	34
5	35.16631717	1
5	35.25538517	2
5	36.35162417	3
5	36.51924317	4
5	36.62699817	5
5	37.15380017	6
5	37.40522917	7
5	37.79375817	8
5	37.86302017	9
5	39.51244017	10
5	39.71597717	11
5	39.96740617	12
5	40.43434517	13
5	40.82944717	14
5	40.94917517	15
5	41.15271217	16
5	41.40025117	17
5	42.38590917	18
5	42.55092317	19
5	42.81693017	20
5	43.00849417	21
5	43.42754217	22
5	43.58318817	23
5	44.13393617	24
5	44.21774617	25
5	44.27761017	26
5	44.64876617	27
5	44.91805217	28
5	45.09176017	29
5	45.91788217	30
5	46.06006617	31
5	46.48862317	32
5	46.68414117	33
5	47.54618117	34
5	47.66590917	35
5	48.07298417	36
5	48.30372817	37
5	49.13856217	38
5	49.29685017	39
5	50.07342517	40
5	50.22493517	41
5	50.54743517	42
5	50.72426417	43
5	51.94933017	44
5	52.06188017	1
5	52.15258617	2
5	52.55080717	3
5	52.68250817	4
5	52.86210017	5
5	53.06778617	6
5	53.20374417	7
5	53.68822217	8
5	54.05937917	9
5	54.89747417	1
5	55.07706617	2
5	55.27152717	3
5	55.40033117	4
5	55.61174417	5
5	55.97502517	6
5	56.19053517	7
5	56.33420917	8
5	56.54971917	9
5	56.80114717	10
5	57.93856217	1
5	58.13012717	2
5	58.35761017	3
5	58.50128317	4
5	58.71679417	5
5	58.93230417	6
5	59.36332417	7
5	59.68658917	8
5	59.85420917	9
5	60.03380017	10
5	60.41693017	11
5	60.81203217	12
5	60.91978717	13
5	61.26699817	14
5	61.38672617	15
5	61.59026317	16
5	61.75788217	17
5	62.17693017	18
5	62.51541617	19
5	62.64386817	20
5	62.95516117	21
5	63.13475317	22
5	63.94890217	1
		2
5	64.08588317	3
5	64.54754217	4
5	64.69121517	5
5	64.85883417	6
5	65.31380017	7
6	0.323245298	8
6	0.568708743	9
6	1.039808743	10
6	1.422937743	11
6	1.590556743	12
6	1.730401743	13
6	2.380761743	14
6	2.600501743	15
6	2.847699743	16
6	3.206883743	17
6	3.379041743	18
6	3.534880743	19
6	4.739400743	20
6	4.967131743	21
6	5.972597743	22
6	6.738856743	23
6	7.229740743	24
6	7.529060743	25
6	7.756543743	26
6	8.211509743	27
6	8.566976743	28
6	8.654502743	29
6	8.917903743	30
6	9.013686743	31
6	9.469543743	32
6	9.612325743	33
6	9.839808743	34
6	10.90538674	1
6	11.07300574	2
6	11.14484274	3
6	11.48008074	4
6	11.67207674	5
6	13.28797174	6
6	13.68307374	7
6	13.85069374	8
6	14.05370274	9
6	14.13803974	10
6	14.35355074	11
6	15.04797174	12
6	15.20361874	13
6	15.37123774	14
6	15.73042074	15
6	15.93395874	16
6	16.07763174	17
6	16.22130574	18
6	16.55654374	19
6	16.69133574	20
6	16.74810774	21
6	18.05314174	22
6	18.26865274	23
6	18.55599974	24
6	18.87926474	25
6	19.01096574	26
6	19.08280174	27
6	19.22870174	28
6	19.48987674	29
6	19.88497874	30
6	20.95055674	31
6	21.44144174	32
6	21.58511474	33
6	21.83654374	34
6	22.18375474	35
6	22.45912874	36
6	23.41695174	1
6	23.54865274	2
6	23.62048874	3
6	23.90783574	4
6	24.24307374	5
6	24.37477474	6
6	24.74547574	7
6	24.86565874	8
6	25.26076174	9
6	25.79953674	10
6	26.09885674	11
6	27.21232574	1
6	27.36797174	2
6	27.53559074	3
6	27.73374674	4
6	27.79899274	5
6	28.20606774	6
6	28.28987674	7
6	28.40175074	8
6	29.27164574	9
6	29.58293774	10
6	29.81042074	11
6	30.22946874	12
6	30.39708774	13
6	30.50484274	14
6	31.00769974	15
6	31.18729174	16
6	31.45069374	17
6	31.81344474	18
6	31.92960474	19
6	32.19300574	20
6	32.30076174	21
6	32.52554174	22
6	32.67191774	23
6	33.06599374	24
6	33.22616174	25
6	33.34239374	26
6	33.62874474	27
6	33.70157774	28
6	34.63545474	1
6	34.88114474	2
6	35.05450274	3
6	35.33567474	4
6	35.47355074	5
6	36.08416274	6
6	36.21586374	7
6	36.47340974	8
6	36.59766974	9
6	36.72226874	10
6	37.65259774	11
6	37.85613574	12
6	38.02375474	13
6	38.35899274	14
6	38.77555674	15
6	38.90974074	16
6	39.02946874	17
6	39.22103374	18
6	39.52035274	19
6	39.59218974	20
6	40.35844874	21
6	40.50212174	22
6	40.60987674	23
6	40.98103374	24
6	41.20851674	25
6	41.43599974	26
6	41.75926474	27
6	41.92688374	28
6	42.06820674	29
6	43.01640774	1
6	43.25586374	2
6	43.55518274	3
6	44.05803974	4
6	44.17776774	5
6	44.23832374	6
6	44.72851674	7
6	45.13559074	8
6	45.55463874	9
6	45.87790374	10
6	46.06946874	11
6	46.30892474	12
6	46.69205374	13
6	46.88361874	14
6	46.99137374	15
6	47.26674774	16
6	47.36252974	17
6	47.79355074	18
6	48.09286974	19
6	48.30838074	20
6	48.44008074	21
6	49.61341474	1
6	49.79300574	2
6	49.91273374	3
6	50.40361874	4
6	50.58770274	5
6	50.91844874	6
6	50.99028474	7
6	51.88824474	1
6	52.05586374	2
6	52.23545474	3
6	52.38352774	4
6	52.61858474	5
6	53.51654374	6
6	53.64538874	7
6	53.85178174	8
6	54.21382874	9
6	54.30674774	10
6	54.46057374	11
6	54.71382274	12
6	54.79763174	13
6	54.95327874	14
6	55.24062474	15
6	55.46810774	16
6	55.86321074	17
6	55.94456674	18
6	56.17450274	19
6	56.32334174	20
6	56.61749574	21
6	57.04851674	22
6	57.40769974	23
6	58.34157774	24
6	58.54511474	25
6	58.85640774	26
6	59.41912874	27
6	59.70647574	28
6	59.77831274	29
6	60.64035274	30
6	61.19110174	31
6	61.38266574	32
6	61.56225774	33
6	61.82565874	34
6	62.10103374	35
6	62.26865274	36
6	62.43627174	37
6	62.66375474	38
7	0.586736359	1
7	1.179532195	2
7	1.418988195	3
7	1.694362195	4
7	2.051148195	5
7	2.304974195	6
7	2.747968195	7
7	2.999396195	8
7	3.370553195	9
7	4.256539195	10
7	4.460076195	11
7	4.711505195	12
7	4.795315195	13
7	5.274226195	14
7	6.507423195	15
7	6.639124195	16
7	6.806743195	17
7	7.201845195	18
7	7.440325195	19
7	7.668784195	20
7	7.974939195	21
7	8.068009195	22
7	8.494906195	23
7	8.937900195	24
7	9.835859195	25
7	10.03939619	26
7	10.56619919	27
7	11.02116519	28
7	11.60783219	29
7	11.75150519	30
7	11.92477219	31
7	12.05082519	32
7	12.30225319	33
7	12.69735519	34
7	12.86497419	35
7	13.03259319	36
7	13.12837619	37
7	13.20021319	38
7	13.55939619	39
7	13.65517919	40
7	13.75074419	41
7	15.16375019	1
7	15.29534219	2
7	15.87014419	3
7	16.21522319	4
7	16.32511019	5
7	16.79204919	6
7	16.92948519	7
7	17.13926019	8
7	17.50658319	9
7	17.59422619	10
7	17.69000819	11
7	17.96538319	12
7	18.18089319	13
7	18.33653919	14
7	19.29436219	15
7	19.43644819	16
7	19.57064319	17
7	19.88102919	18
7	20.14443019	19
7	20.25218519	20
7	20.40783219	21
7	20.60956819	22
7	20.92266119	23
7	21.19803619	24
7	21.32973619	25
7	22.42431519	26
7	22.98273719	27
7	23.13762719	28
7	23.22143719	29
7	23.65245719	30
7	23.97572319	31
7	24.33490619	32
7	24.56238919	33
7	24.86931419	34
7	25.22428019	35
7	25.32304019	36
7	25.63994019	37
7	26.17871619	38
7	26.40619919	39
7	26.64565519	40
7	26.83721919	41
7	27.26824019	42
7	28.32184519	1
7	28.52538319	2
7	28.97931419	3
7	29.14796819	4
7	29.28449919	5
7	29.37540519	6
7	29.71068919	7
7	30.23749119	8
7	30.57369419	9
7	31.08755919	10
7	31.47068919	11
7	32.57218519	12
7	32.77572319	13
7	33.15885219	14
7	33.24266119	15
7	33.56592719	16
7	33.94905619	17
7	34.20832419	18
7	34.32021319	19
7	34.39204919	20
7	35.06252519	21
7	35.24211719	22
7	35.37381819	23
7	35.55341019	24
7	36.15204919	25
7	36.60701519	26
7	36.81055319	27
7	38.83395419	28
7	39.28013419	29
7	39.71994019	30
7	39.80375019	31
7	40.31858019	32
7	40.55803619	33
		34
7	40.83341019	35
7	40.93295319	36
7	41.19259319	37
7	41.54468219	38
7	41.59966819	39
7	42.04266119	40
7	43.41953219	41
7	43.64701519	42
7	43.91041719	43
7	44.25762719	44
7	44.42524719	45
7	44.53300219	46
7	44.85626719	47
7	45.89790019	48
7	46.13735519	49
7	46.50851219	50
7	46.96347819	51
7	47.13082219	52
7	47.40647119	53
7	47.68184519	54
7	47.75368219	55
7	48.65164119	56
7	48.95096119	57
7	49.12994919	58
7	49.98056919	59
7	50.33980419	60
7	50.57926019	61
7	50.86934519	62
7	52.20755919	1
7	52.35123319	2
7	52.58276819	3
7	53.05762719	4
7	53.15341019	5
7	53.34497419	6
7	53.50062119	7
7	53.62034919	8
7	53.79994019	9
7	54.19504219	10
7	54.66198119	11
7	54.84157319	12
7	55.27451119	13
7	55.67966819	14
7	56.01490619	15
7	56.32619919	16
7	56.68538319	17
7	56.82905619	18
7	57.17626719	19
7	57.79885219	20
7	57.90660719	21
7	58.22987219	22
7	58.51721919	23
7	59.98987219	1
7	60.12157319	2
7	60.30116519	3
7	60.55259319	4
7	60.74593719	5
7	61.01953219	6
7	61.17517919	7
7	61.29490619	8
7	61.67583719	9
7	61.84565519	10
7	61.96538319	11
8	0.342	12
8	0.453316684	13
8	0.696698684	14
8	0.960099684	15
8	1.067854684	16
8	1.391120684	17
8	1.582684684	18
8	1.785899684	19
8	2.504589684	20
8	2.779963684	21
8	3.043431684	22
8	4.204725684	23
8	4.289338684	24
8	4.480099684	25
8	4.671664684	26
8	4.839283684	27
8	5.279842684	28
8	5.629487684	29
8	5.928807684	30
8	6.240099684	31
8	6.311936684	32
8	7.545133684	33
8	7.676834684	34
8	7.856426684	35
8	7.964181684	36
8	8.251528684	37
8	8.335337684	38
8	8.486719684	39
8	8.780278684	40
8	8.957922684	41
8	9.083297684	42
8	9.137514684	43
8	10.53833168	1
8	10.64608668	2
8	10.96554568	3
8	11.10105268	4
8	11.74758268	5
8	11.94114868	6
8	12.09754168	7
8	12.40608668	8
8	12.57370568	9
8	12.75329768	10
8	12.90864768	11
8	14.40554168	1
8	14.57316068	2
8	14.70486168	3
8	15.29152868	4
8	15.60282068	5
8	15.93805868	6
8	16.09962068	7
8	16.23737868	8
8	16.33316068	9
8	16.58878068	10
8	16.91982768	11
8	17.03955568	12
8	17.54241268	13
8	18.36853568	14
8	18.49050868	15
8	18.90731068	16
8	19.03901168	17
8	19.41016768	18
8	19.48200468	19
8	19.76935168	20
8	19.92499768	21
8	20.24826368	22
8	20.55240368	23
8	20.93071268	24
8	21.44554168	25
8	21.58921568	26
8	21.97234468	27
8	23.78023568	1
8	24.00771868	2
8	24.40282068	3
8	24.47465768	4
8	24.64227668	5
8	24.80989568	6
8	25.19302468	7
8	25.33669868	8
8	25.67193668	9
8	25.86350168	10
8	25.98322968	11
8	26.27057568	12
8	27.04880768	1
8	27.16853568	2
8	27.34812668	3
8	27.59955568	4
8	27.87492968	5
8	27.97071268	6
8	28.07846768	7
8	28.91656268	8
8	29.15601868	9
8	29.52717468	10
8	29.70676668	11
8	29.97016768	12
8	30.23356968	13
8	30.60134568	14
8	30.87189968	15
8	31.07166468	16
8	31.56254868	17
8	31.76500368	18
8	31.84989568	19
8	32.14921568	20
8	32.46050768	21
8	32.55502068	22
8	32.79574668	23
8	32.95139268	24
8	33.37043968	25
8	33.46622268	26
8	33.88526968	27
8	34.24679868	28
8	34.42404568	29
8	34.62758268	30
8	36.50731068	1
8	36.78268468	2
8	37.18975968	3
8	37.38132468	4
8	37.69563868	5
8	37.82431768	6
8	38.20744668	7
8	38.63846768	8
8	38.84414568	9
8	39.89560968	10
8	40.05125668	11
8	40.67384168	12
8	40.89738268	13
8	41.38023568	14
8	41.64335668	15
8	42.48531868	1
8	42.69526868	2
8	43.65506568	3
		4
8	43.78676668	5
8	44.02622268	6
8	44.09805868	7
8	44.37813868	8
8	44.50513368	9
8	44.60091668	10
8	44.98404568	11
8	45.14867568	12
8	45.19955568	13
8	45.61860368	14
8	46.21724268	15
8	46.37288868	16
8	46.46867168	17
8	47.09125668	18
8	47.47432668	19
8	48.13288868	20
8	48.81763268	21
8	49.19846768	22
8	49.41284968	23
8	49.50975968	24
8	49.68486368	25
8	50.09642668	26
8	51.05424968	27
8	51.25778668	28
8	51.42878868	29
8	51.71275268	30
8	52.07193668	31
8	52.32336568	32
8	52.38546568	33
8	52.67957768	34
8	53.07350368	35
8	53.44880768	1
8	53.58050768	2
8	53.68826368	3
8	54.20309268	4
8	54.44927568	5
8	54.90948768	6
8	55.06830168	7
8	55.29261668	8
8	55.54404568	9
8	55.66377368	10
8	55.85533768	11
8	56.19057568	12
8	56.36615368	13
8	56.44407368	14
9	0.432017422	1
9	1.046814784	2
9	1.198493784	3
9	1.394025784	4
9	1.753209784	5
9	2.133840784	6
9	2.351848784	7
9	2.709578784	8
9	2.789662784	9
9	3.118107784	10
9	3.441372784	11
9	3.531518784	12
9	3.620964784	13
9	3.980148784	14
9	4.470263784	15
9	4.591471784	16
9	5.488719784	17
9	5.584501784	18
9	5.805111784	19
9	5.991576784	20
9	6.219059784	21
9	6.747998784	22
9	7.069127784	23
9	7.308583784	24
9	7.957913784	25
9	8.266406784	26
9	8.711133784	27
9	8.810731784	28
9	8.876990784	29
9	9.320012784	30
9	10.15810778	1
9	10.32572678	2
9	10.61663678	3
9	10.82858378	4
9	11.00817578	5
9	11.41525078	6
9	11.95402578	7
9	12.03786078	8
9	12.30624978	9
9	12.89987678	10
9	13.70205278	11
9	13.92953578	12
9	14.31266578	13
9	14.48028478	14
9	14.91130478	15
9	15.13878778	16
9	15.58178078	17
9	15.67756378	18
9	16.27620278	19
9	16.70722278	20
9	16.85089678	21
9	17.19810778	22
9	17.30586278	23
9	17.65307378	24
9	18.37144078	25
9	18.70667878	26
9	19.52082878	27
9	19.65559478	28
9	19.73351478	29
9	20.02368578	30
9	20.39484178	31
9	20.77797178	32
9	21.01742778	33
9	21.42450178	34
9	21.60409378	35
9	21.75973978	36
9	21.92735978	37
9	22.18067778	38
9	22.33868078	39
9	22.54863078	40
9	23.23239378	1
9	23.42395778	2
9	23.55565878	3
9	23.67538678	4
9	23.79511478	5
9	24.07048878	6
9	24.21416178	7
9	24.58531878	8
9	25.07620278	9
9	25.49525078	10
9	25.69193578	11
9	25.74667878	12
9	26.12185278	13
9	26.23756378	14
9	26.68055678	15
9	27.87783578	16
9	27.98678578	1
9	28.16643278	2
9	28.28547678	3
9	28.64409378	4
9	29.25470578	5
9	29.45824378	6
9	29.60191678	7
9	29.74559078	8
9	30.14069278	9
9	30.46395778	10
9	30.60070978	11
9	30.66780778	12
9	31.05062478	13
9	31.44182278	14
9	32.34368578	1
9	32.44232778	2
9	32.52403678	3
9	32.97824378	4
9	33.36137278	5
9	33.49307378	6
9	34.04382178	7
9	34.21144078	8
9	34.37905978	9
9	34.78613478	10
9	34.88191678	11
9	36.83348178	1
9	37.27647478	2
9	37.53987678	3
9	37.86314178	4
9	38.05395178	5
9	38.40191678	6
9	38.76524378	7
9	39.51538678	8
9	39.71759178	9
9	40.16191678	10
9	40.52110078	11
9	40.62885578	12
9	41.07184878	13
9	41.65851578	14
9	41.83810778	15
9	42.28110078	16
9	42.48463778	17
9	42.92763178	18
9	43.77769978	19
9	43.92081278	20
9	44.31647478	21
9	44.49606678	22
9	45.05878778	23
9	45.12206978	24
9	45.41779278	25
9	45.59756378	26
9	45.99266578	27
9	46.52381478	28
9	46.69905978	29
9	47.22586278	30
9	48.21960378	31
9	48.97388978	32
9	49.95565878	33
9	50.35076078	34
9	50.84164478	35
9	51.40651578	36
9	51.57198478	37
9	51.83538678	38
9	52.20247578	39
9	53.83484178	1
9	54.08627078	2
9	54.39756378	3
9	55.04409378	4
9	55.42390078	5
9	55.53645078	6
10	1.051980798	7
10	1.160767	8
10	1.308375	9
10	2.14647	10
10	2.787119	11
10	3.069088	12
10	3.670205	13
10	3.810893	14
10	4.110007	15
10	4.193817	16
10	4.602269	17
10	4.780483	18
10	4.907454	19
10	5.004853	20
10	6.456674	21
10	6.616548	22
10	6.895759	23
10	7.007422	24
10	7.246878	25
10	8.24062	26
10	8.396266	27
10	8.575858	28
10	8.851232	29
10	9.078715	30
10	9.354089	31
10	9.737218	32
10	10.371776	33
10	10.52606	34
10	10.623205	35
10	11.042252	36
10	11.395356	37
10	11.581028	38
10	11.688783	39
10	11.856402	40
10	12.167694	41
10	12.335313	42
10	12.514905	43
10	12.742388	44
10	12.969871	45
10	13.13749	46
10	13.364973	47
10	13.772048	48
10	13.891776	49
10	14.286878	50
10	14.514361	51
10	14.598171	52
10	14.933409	53
10	15.376402	54
10	15.670657	55
10	15.891232	56
10	16.214497	57
10	17.782932	1
10	18.166062	2
10	18.513273	3
10	18.728783	4
10	19.075994	5
10	19.363341	6
10	19.399259	7
10	19.674633	8
10	20.47681	9
10	20.596538	10
10	20.788103	11
10	20.931776	12
10	21.123341	13
10	21.302932	14
10	21.566334	15
10	21.638171	16
10	21.978912	17
10	22.200892	18
10	23.18266	1
10	23.370085	2
10	23.69749	3
10	23.761846	4
10	24.068647	5
10	24.487694	6
10	24.787014	7
10	25.876538	8
10	26.066158	9
10	26.126762	10
10	26.511096	11
10	26.894225	12
10	27.063155	13
10	27.528783	1
10	27.755772	2
10	28.127422	3
10	28.24715	4
10	29.169055	5
10	29.291711	6
10	29.444429	7
10	29.8826	8
10	30.043068	9
10	30.641708	10
10	30.917082	11
10	30.976946	12
10	32.341844	13
10	32.473545	14
10	32.844701	15
10	33.000347	16
10	33.09613	17
10	33.347558	18
10	33.479259	19
10	33.802524	20
10	35.200401	1
10	35.299123	2
10	35.442796	3
10	35.658307	4
10	35.813953	5
10	36.292864	6
10	36.484429	7
10	36.568239	8
10	36.915449	9
10	37.035177	10
10	37.095041	11
10	37.564513	12
10	37.753545	13
10	38.136674	14
10	38.447966	15
10	38.579667	16
10	39.027666	17
10	39.202252	18
10	39.464076	19
10	40.207966	1
10	40.327694	2
10	40.495313	3
10	40.67832	4
10	40.926334	5
10	41.357354	6
10	41.776402	7
10	42.11164	8
10	42.446878	9
10	42.681776	10
10	42.758171	11
10	43.835722	1
10	44.265333	2
10	44.362524	3
10	44.841436	4
10	45.236538	5
10	45.404157	6
10	45.775313	7
10	45.974426	8
10	46.816946	9
10	46.996538	10
10	47.534175	11
10	47.738851	12
10	48.055802	13
10	48.313545	14
10	48.433273	15
10	48.799561	16
10	48.948103	17
10	50.145381	18
10	50.268403	19
10	50.755994	20
10	50.839803	21
10	51.132009	22
10	51.606062	23
10	51.737762	24
10	51.905381	25
10	52.204701	26
10	52.324429	27
10	52.468103	28
10	53.330143	29
10	53.535131	30
10	53.868919	31
10	54.037468	32
10	54.104375	33
10	54.599259	34
10	54.697428	35
10	55.030279	36
10	55.413409	37
10	56.347286	1
10	56.497428	2
10	56.646606	3
10	56.802252	4
10	56.993817	5
10	57.245245	6
10	57.353	7
10	57.460756	8
10	57.843885	9
10	58.204357	10
10	58.670007	11
10	58.874526	12
10	59.124973	13
10	59.244701	14
10	59.448239	15
10	59.855313	16
10	60.430007	17
10	60.784961	18
11	0.27448538	19
11	0.489783265	20
11	0.701863265	21
11	1.064477265	22
11	1.279987265	23
11	1.615225265	24
11	2.130055265	25
11	2.369511265	26
11	2.453320265	27
11	3.578762265	1
11	3.695823265	2
11	3.866109265	3
11	4.201347265	4
11	4.333048265	5
11	4.895769265	6
11	4.979579265	7
11	5.303189265	8
11	5.494409265	9
11	5.650055265	10
11	5.733864265	11
11	5.865565265	12
11	6.188830265	13
11	6.272640265	14
11	6.356450265	15
11	7.278354265	1
11	7.393222265	2
11	7.505837265	3
11	7.685429265	4
11	7.875889265	5
11	9.194001265	6
11	9.325252265	7
11	9.469375265	8
11	9.660939265	9
11	9.828558265	10
11	10.29549727	11
11	10.74864127	12
11	10.94202827	13
11	11.12162027	14
11	12.16325227	1
11	12.25903527	2
11	12.56379227	3
11	12.84733227	4
11	13.14502127	5
11	13.46828627	6
11	13.72765427	7
11	13.87483527	8
11	16.28696427	9
11	16.54529327	10
11	16.65188127	11
11	17.00025927	12
11	17.33454727	13
		14
11	17.69468127	15
11	18.20817227	16
11	18.42677927	17
11	19.08352427	18
11	19.30694727	19
11	19.76597327	20
11	19.90000027	21
11	20.38855827	22
11	20.66404327	23
11	21.80822127	24
11	21.95540227	25
11	22.55711327	26
11	22.68048627	27
11	22.80385827	28
11	23.05060327	29
11	23.38175627	30
11	23.77055327	31
11	25.46502127	32
11	25.67877427	33
11	26.12352427	34
11	26.38692627	35
11	26.79400127	36
11	27.15318427	37
11	27.34890827	38
11	28.04368927	39
11	28.13459527	40
11	28.35046327	41
11	28.67372827	42
11	29.14066727	43
11	29.57962927	44
11	30.36189227	45
11	30.50952927	46
11	31.09223227	47
11	31.20863927	48
11	31.67889927	49
11	32.12189227	50
11	32.44382327	51
11	33.13957927	52
11	33.30719827	53
11	33.41495327	54
11	33.67835427	55
11	34.09880627	56
11	34.31291227	57
11	34.54251427	58
11	35.46230027	1
11	35.62991927	2
		3
11	35.98910327	4
11	36.43209627	5
11	36.74338827	6
11	36.82719827	7
11	37.29413727	8
11	37.40227927	9
11	37.64134727	10
11	38.03645027	11
11	38.14420527	12
11	38.44352427	13
11	38.86029927	14
11	39.36028127	15
11	39.47716127	16
11	39.53304827	17
11	39.81697627	18
11	39.95209627	19
11	40.41903527	20
11	40.62257227	21
11	40.81413727	22
11	41.15605227	23
11	41.62828627	24
11	42.80162027	25
11	42.93332027	26
11	43.19672227	27
11	43.73549727	28
11	44.15454527	29
		30
11	44.42991927	31
11	44.78418927	32
11	44.92080327	33
11	45.44760627	34
11	45.53141627	35
11	45.73495327	36
11	45.96243627	37
11	47.53087127	1
11	47.61445627	2
11	47.73785527	3
11	47.87808227	4
11	48.21969227	5
11	48.56600027	6
11	49.42094927	7
11	49.59019127	8
11	49.92542927	9
11	50.31621827	10
11	50.44025927	11
11	50.87127927	12
11	50.94311627	13
11	51.15862627	14
11	51.42202827	15
11	51.84107527	16
11	52.37985127	17
11	52.51428327	18
11	52.65522527	19
11	53.05558027	20
11	53.42148427	21
11	53.64896727	22
		23
11	53.79717427	24
11	53.89024527	25
11	54.21168827	26
11	54.51732527	27
11	55.33114927	28
12	0.229476225	1
12	0.504358225	2
12	0.658032225	3
12	0.974924225	4
12	1.266236225	5
12	1.441863225	6
12	1.515146225	7
12	1.801046225	8
12	2.220094225	9
12	2.687033225	10
12	2.794788225	11
12	2.926489225	12
12	3.293501225	13
12	3.561046225	14
12	3.644856225	15
12	4.698461225	1
12	4.925944225	2
12	5.309074225	3
12	5.883767225	4
12	6.135196225	5
12	6.460615225	6
12	6.605632225	7
12	6.759306225	8
12	6.841591225	9
12	7.215196225	10
12	7.643767225	11
12	8.613563225	12
12	8.733291225	13
12	9.008665225	14
12	9.116421225	15
12	9.686169225	16
12	9.997846225	17
12	10.76866522	18
12	11.02009422	19
12	11.58281522	20
12	11.93204022	21
12	12.06623522	22
12	14.03723722	1
12	14.85138722	2
12	14.97902622	3
12	15.12676122	4
12	15.36356422	5
12	15.84512822	6
12	16.09655722	7
12	16.51640022	8
12	16.62895022	9
12	16.79561122	10
12	16.92267922	11
12	17.18608022	12
12	17.35369922	13
12	17.58482322	14
12	18.06009422	15
12	18.17982222	16
12	18.36185322	17
12	18.65873322	18
12	18.76648922	19
12	19.66444822	20
12	19.79822922	21
12	19.92784922	22
12	20.05955022	23
12	20.31097822	24
12	20.45465222	25
12	20.63520822	26
12	21.61601222	27
12	21.75968622	28
12	21.96322322	29
12	22.27451622	30
12	22.50199922	31
12	22.60975422	32
12	23.48376722	33
12	23.69927822	34
12	24.01057022	35
12	24.23805322	36
12	24.29119422	37
12	24.35778122	38
12	24.52312722	39
12	24.77682922	40
12	24.87261122	41
12	25.60295122	1
12	25.73520622	2
12	25.88671622	3
12	26.00582122	4
12	26.04594422	5
12	26.27342722	6
12	26.52874722	7
12	28.09329122	8
12	28.36866522	9
12	28.62009422	10
12	28.73304122	11
12	29.23070622	12
12	30.29628522	13
12	30.38440322	14
12	30.59651722	15
12	31.20621622	16
12	31.35759122	17
12	32.59506022	18
12	32.88134922	19
12	33.90446822	20
12	34.20039122	21
12	35.41247022	22
12	35.71116122	23
12	35.81574022	24
12	36.16272222	25
12	36.28267922	26
12	36.35451622	27
12	36.64186322	28
12	36.71369922	29
12	36.85737322	30
12	37.14472022	31
12	37.28839322	32
12	37.62363122	33
12	37.84378222	34
12	38.04267922	35
12	38.19832522	36
12	38.36594422	37
12	39.52730522	38
12	39.62012722	39
12	39.79070622	40
12	39.97029822	41
12	40.22183822	42
12	40.96404022	43
12	41.03587622	44
12	41.34246222	45
12	41.45492422	46
12	41.64648922	47
12	42.05356322	48
12	42.12540022	49
12	42.44866522	50
12	43.71778122	1
12	43.87342722	2
12	43.99315522	3
12	44.34292322	4
		5
		6
12	44.65165922	7
12	45.22635322	8
12	45.67792422	9
12	45.89682922	10
12	46.06444822	11
12	46.32784922	12
		
		
		
2129		