passage	time	value
1	0.046	1
1	0.146	0
1	0.562721	1
1	0.662721	0
1	0.784543	1
1	0.884543	0
1	1.256929	1
1	1.352925	1
1	1.452925	0
1	1.616327	1
1	1.716327	0
1	2.310749	1
1	2.410749	0
1	2.799918	1
1	2.899918	0
1	2.938712	1
1	3.038712	0
1	3.30449	1
1	3.40449	0
1	3.484082	1
1	3.584082	0
1	3.654596	1
1	3.754596	0
1	4.106667	1
1	4.206667	0
1	4.274286	1
1	4.374286	0
1	4.398799	1
1	4.498799	0
1	4.785961	1
1	4.885961	0
1	4.908844	1
1	5.008844	0
1	5.034329	1
1	5.134329	0
1	5.435647	1
1	5.535647	0
1	5.890613	1
1	5.990613	0
1	6.051306	1
1	6.151306	0
1	7.147755	1
1	7.247755	0
1	7.380186	1
1	7.480186	0
1	7.4995	1
1	7.5995	0
1	7.957925	1
1	8.057925	0
		1
1	8.261225	1
1	8.361225	0
1	8.560545	1
1	8.660545	0
1	8.776055	1
1	8.876055	0
1	8.88381	1
1	8.98381	0
1	9.231021	1
1	9.31483	1
1	9.41483	0
1	9.709932	1
1	9.809932	0
1	9.961361	1
1	10.061361	0
1	10.811429	1
1	10.911429	0
1	10.926947	1
1	11.014966	1
1	11.114966	0
1	11.29034	1
1	11.39034	0
1	11.422041	1
1	11.522041	0
1	11.928449	1
1	12.028449	0
1	12.033452	1
1	12.133452	0
1	12.882923	1
1	12.982923	0
1	13.013482	1
1	13.113482	0
1	13.777672	1
1	13.877672	0
1	13.943927	1
1	14.043927	0
1	14.110704	1
1	14.210704	0
1	14.226852	1
1	14.326852	0
1	14.407012	1
1	14.507012	0
1	14.726531	1
1	14.822313	1
1	14.922313	0
1	15.034115	1
1	15.134115	0
1	15.430794	1
1	15.530794	0
1	15.847213	1
1	15.947213	0
1	16.232225	1
1	16.332225	0
1	16.567652	1
1	16.667652	0
1	17.109154	1
1	17.209154	0
1	17.266659	1
1	17.366659	0
1	19.526536	1
1	19.626536	0
1	19.721958	1
1	19.821958	0
1	19.926131	1
1	20.026131	0
1	20.17415	1
1	20.27415	0
1	20.928436	1
1	21.024218	1
1	21.124218	0
1	21.269652	1
1	21.369652	0
1	21.50313	1
1	21.60313	0
1	22.165075	1
1	22.265075	0
1	22.413062	1
1	22.513062	0
1	22.641249	1
1	22.736327	1
1	22.836327	0
1	22.927891	1
1	23.027891	0
1	23.382857	1
1	23.482857	0
1	23.51412	1
1	23.598368	1
1	23.698368	0
1	23.897687	1
1	23.997687	0
1	24.161089	1
1	24.261089	0
1	24.364626	1
1	24.464626	0
1	24.483259	1
1	24.583259	0
1	24.735783	1
1	24.835783	0
1	25.059048	1
1	25.159048	0
1	25.541189	1
1	25.641189	0
1	25.680794	1
1	25.780794	0
1	26.878912	1
1	26.978912	0
1	27.142313	1
1	27.242313	0
1	27.314162	1
1	27.414162	0
1	27.776871	1
1	27.876871	0
1	27.884626	1
1	27.984626	0
1	28.255783	1
1	28.355783	0
1	28.376346	1
1	28.476346	0
1	28.818504	1
1	28.918504	0
1	29.297415	1
1	29.397415	0
1	29.477007	1
1	29.577007	0
1	29.608708	1
1	29.708708	0
1	29.872109	1
1	29.95905	1
1	30.05905	0
1	30.36463	1
1	30.458776	1
1	30.558776	0
1	30.840804	1
1	30.940804	0
1	31.021497	1
1	31.121497	0
1	31.177122	1
1	31.277122	0
1	31.512381	1
1	31.586956	1
1	31.686956	0
1	32.833264	1
1	32.933264	0
1	33.035638	1
1	33.135638	0
1	34.074558	1
1	34.174558	0
1	34.190765	1
1	34.290765	0
1	34.565443	1
1	34.665443	0
1	34.972517	1
1	35.072517	0
1	35.140136	1
1	35.240136	0
1	35.511293	1
1	35.611293	0
1	35.945261	1
1	36.045261	0
1	36.157823	1
1	36.257823	0
1	36.564898	1
1	36.664898	0
1	36.768436	1
1	36.868436	0
1	38.468572	1
1	38.568572	0
1	38.632328	1
1	38.732328	0
1	38.80381	1
1	38.90381	0
1	39.174966	1
1	39.274966	0
1	39.468477	1
1	39.568477	0
1	40.04898	1
1	40.14898	0
1	40.773225	1
1	40.873225	0
1	40.934966	1
1	41.034966	0
1	41.820953	1
1	41.920953	0
1	42.042964	1
1	42.142964	0
1	42.204082	1
1	42.304082	0
1	42.611157	1
1	42.711157	0
1	42.802721	1
1	42.900757	1
1	43.000757	0
1	43.133433	1
1	43.233433	0
1	43.473198	1
1	43.573198	0
1	43.784524	1
1	43.884524	0
1	43.954431	1
1	44.054431	0
1	44.059864	1
1	44.155647	1
1	44.255647	0
1	44.466939	1
1	44.566939	0
1	44.632655	1
1	44.732655	0
1	44.802177	1
1	44.902177	0
1	44.909932	1
1	45.009932	0
1	45.258174	1
1	45.358174	0
1	45.496599	1
1	45.596599	0
1	45.689575	1
1	45.789575	0
1	46.805793	1
1	46.905793	0
1	46.935658	1
1	47.035658	0
1	47.651701	1
1	47.751701	0
1	47.771429	1
1	47.871429	0
1	48.307503	1
1	48.372361	1
1	48.472361	0
1	48.573606	1
1	48.673606	0
		1
1	48.718395	1
1	48.818395	0
1	50.06082	1
1	50.16082	0
1	50.180945	1
1	50.280945	0
1	50.361373	1
1	50.461373	0
1	50.602707	1
1	50.702707	0
1	50.724997	1
1	50.824997	0
1	51.051973	1
1	51.151973	0
1	51.722449	1
1	51.818232	1
1	51.918232	0
1	52.213334	1
1	52.313334	0
1	52.333062	1
1	52.433062	0
1	52.553259	1
1	52.653259	0
1	52.92836	1
1	53.02836	0
1	53.150214	1
1	53.250214	0
1	53.386667	1
1	53.486667	0
1	53.557126	1
1	53.657126	0
1	53.793742	1
1	53.893742	0
1	54.12898	1
1	54.22898	0
1	54.368436	1
1	54.468436	0
1	54.691701	1
1	54.791701	0
1	54.823402	1
1	54.923402	0
1	55.050885	1
1	55.146667	1
1	55.246667	0
1	55.626219	1
1	55.726219	0
1	55.734441	1
1	55.834441	0
1	55.885951	1
1	55.985951	0
1	56.195464	1
1	56.295464	0
1	56.439728	1
1	56.539728	0
2	0.479839572	1
2	0.579839572	0
2	0.592424402	1
2	0.692424402	0
2	0.810806402	1
2	0.910806402	0
2	0.912952402	1
2	1.012952402	0
2	1.415810402	1
2	1.515810402	0
2	1.918667402	1
2	2.018667402	0
2	2.385605402	1
2	2.485605402	0
2	2.557777402	1
2	2.657777402	0
2	3.211728402	1
2	3.311728402	0
2	3.431803402	1
2	3.531803402	0
2	3.595218402	1
2	3.695218402	0
2	3.790771402	1
2	3.890771402	0
2	4.384907402	1
2	4.484907402	0
2	5.637331402	1
2	5.737331402	0
2	5.747717402	1
2	5.847717402	0
2	6.073224402	1
2	6.173224402	0
2	6.286257402	1
2	6.386257402	0
2	6.887374402	1
2	6.987374402	0
2	6.992943402	1
2	7.092943402	0
2	7.150775402	1
2	7.250775402	0
2	7.541223402	1
2	7.641223402	0
2	8.467782402	1
2	8.567782402	0
2	8.946694402	1
2	9.046694402	0
2	9.365741402	1
2	9.465741402	0
2	9.557306402	1
2	9.657306402	0
2	9.696188402	1
2	9.796188402	0
2	10.1080544	1
2	10.2080544	0
2	10.3256874	1
2	10.4256874	0
2	10.4425664	1
2	10.5425664	0
2	10.8503674	1
2	10.9503674	0
2	11.3053334	1
2	11.3771704	1
2	11.4771704	0
2	12.1913204	1
2	12.2913204	0
2	12.3150514	1
2	12.4150514	0
2	12.4278374	1
2	12.5278374	0
2	12.5354954	1
2	12.6354954	0
2	12.9096874	1
2	13.0096874	0
2	13.3209554	1
2	13.4209554	0
2	13.7505944	1
2	13.8315924	1
2	13.9315924	0
2	14.2027484	1
2	14.3027484	0
2	14.3713834	1
2	14.4713834	0
2	14.7563734	1
2	14.8563734	0
2	14.8570194	1
2	14.9570194	0
2	15.2922724	1
2	15.3922724	0
2	15.8430204	1
2	15.9430204	0
2	16.1249724	1
2	16.1782584	1
2	16.2782584	0
2	16.5853334	1
2	16.6853334	0
2	16.7050614	1
2	16.8050614	0
2	16.9804354	1
2	17.0804354	0
2	17.1816424	1
2	17.2816424	0
2	17.3169194	1
2	17.4169194	0
2	18.0100954	1
2	18.1100954	0
2	18.2734974	1
2	18.3734974	0
2	18.6566264	1
2	18.7566264	0
2	18.8172454	1
2	18.9172454	0
2	20.0813884	1
2	20.1813884	0
2	20.2968984	1
2	20.3968984	0
2	20.5483274	1
2	20.6483274	0
2	20.9434294	1
2	21.0392114	1
2	21.1392114	0
2	21.4103674	1
2	21.5103674	0
2	21.8665724	1
2	21.9665724	0
2	22.4041094	1
2	22.5041094	0
2	22.5977474	1
2	22.6977474	0
2	23.5894154	1
2	23.6894154	0
2	23.8647894	1
2	23.9647894	0
2	24.2479184	1
2	24.3479184	0
2	24.3796194	1
2	24.4796194	0
2	24.6888614	1
2	24.7866944	1
2	24.8866944	0
2	24.9782584	1
2	25.0782584	0
2	25.1339054	1
2	25.2339054	0
2	25.4691434	1
2	25.5691434	0
2	25.6916714	1
2	25.7916714	0
2	25.7988114	1
2	25.8988114	0
2	26.1875104	1
2	26.2875104	0
2	26.5227484	1
2	26.6227484	0
2	26.8220684	1
2	26.9220684	0
2	27.1009914	1
2	27.2009914	0
2	27.2092134	1
2	27.3092134	0
2	28.6539054	1
2	28.7539054	0
2	28.8555384	1
2	28.9555384	0
2	29.2764904	1
2	29.3764904	0
2	29.8392114	1
2	29.9392114	0
2	30.1744494	1
2	30.2744494	0
2	30.3537254	1
2	30.4537254	0
2	30.7611164	1
2	30.8611164	0
2	31.1847124	1
2	31.2847124	0
2	31.7069664	1
2	31.8069664	0
2	31.9823404	1
2	32.0823404	0
2	32.3775904	1
2	32.4775904	0
2	33.1915924	1
2	33.2915924	0
2	33.4658944	1
2	33.5658944	0
2	33.5866944	1
2	33.6705034	1
2	33.7705034	0
2	34.0775784	1
2	34.1775784	0
2	34.2451974	1
2	34.3451974	0
2	34.4726804	1
2	34.5684634	1
2	34.6684634	0
2	34.7251894	1
2	34.8251894	0
2	34.9359684	1
2	35.0359684	0
2	36.4990384	1
2	36.5866974	1
2	36.6866974	0
2	36.9630204	1
2	37.0630204	0
2	37.1545854	1
2	37.2545854	0
2	37.3092894	1
2	37.4092894	0
2	37.6848174	1
2	37.7848174	0
2	37.8729524	1
2	37.9729524	0
2	38.0506054	1
2	38.1270404	1
2	38.2270404	0
2	38.5314564	1
2	38.6314564	0
2	38.7110484	1
2	38.8110484	0
2	39.0103674	1
2	39.1103674	0
2	39.6090074	1
2	39.7090074	0
2	39.7885994	1
2	39.8885994	0
2	40.0041094	1
2	40.1041094	0
2	40.2555374	1
2	40.3555374	0
2	40.8422044	1
2	40.9422044	0
2	41.4528164	1
2	41.5528164	0
2	41.7985404	1
2	41.8985404	0
2	42.7219324	1
2	42.8219324	0
2	42.8468034	1
2	42.9468034	0
2	43.2607074	1
2	43.3607074	0
2	43.4437824	1
2	43.5437824	0
2	43.6191014	1
2	43.6677824	1
2	43.7677824	0
2	44.2065584	1
2	44.2903674	1
2	44.3903674	0
2	44.5548144	1
2	44.6548144	0
2	44.8416004	1
2	44.9416004	0
2	45.3433954	1
2	45.4433954	0
2	45.8588034	1
2	45.9588034	0
2	46.1940414	1
2	46.2940414	0
2	46.4215244	1
2	46.5215244	0
2	46.6729524	1
2	46.7729524	0
2	47.1039734	1
2	47.2039734	0
2	47.4631564	1
2	47.5631564	0
		1
		1
		1
		1
2	47.6700554	1
2	47.7624764	1
2	47.8624764	0
2	48.1934974	1
2	48.2934974	0
2	48.5287354	1
2	48.6287354	0
2	50.2168984	1
2	50.3168984	0
2	50.5641094	1
2	50.6641094	0
2	50.6958104	1
2	50.7958104	0
2	50.9951294	1
2	51.0951294	0
2	51.1747214	1
2	51.2747214	0
2	51.5339054	1
2	51.6339054	0
2	52.1325444	1
2	52.1874444	1
2	52.2874444	0
2	52.4438374	1
2	52.5438374	0
2	52.6592904	1
2	52.7592904	0
2	52.9445924	1
2	53.0445924	0
2	54.0841094	1
2	54.1841094	0
2	54.2320244	1
2	54.3320244	0
2	54.3954014	1
2	54.4954014	0
2	54.5989394	1
2	54.6989394	0
2	55.1504224	1
2	55.2504224	0
2	55.3053334	1
2	55.4053334	0
2	55.6284084	1
2	55.7284084	0
2	55.7602994	1
2	55.8602994	0
2	55.9398914	1
2	56.0398914	0
2	56.1793474	1
2	56.2793474	0
2	56.8617964	1
2	56.9617964	0
2	56.9934974	1
2	57.0934974	0
2	57.2449254	1
2	57.3449254	0
2	57.6156304	1
2	57.7156304	0
2	57.8794834	1
2	57.9794834	0
2	58.0111844	1
2	58.1111844	0
2	58.1660754	1
2	58.2660754	0
2	58.5156304	1
2	58.6156304	0
2	58.6816604	1
2	58.7816604	0
2	58.8612524	1
2	58.9612524	0
2	59.1485994	1
2	59.2485994	0
2	59.2511584	1
2	59.3511584	0
2	59.6873744	1
2	59.7873744	0
3	0.478723402	1
3	0.578723402	0
3	0.986269787	1
3	1.086269787	0
3	1.201780787	1
3	1.301780787	0
3	1.501099787	1
3	1.601099787	0
3	1.604642787	1
3	1.704642787	0
3	1.836337787	1
3	1.936337787	0
3	2.183548787	1
3	2.283548787	0
3	2.315249787	1
3	2.415249787	0
3	2.602596787	1
3	2.702596787	0
3	2.842052787	1
3	2.942052787	0
3	2.961780787	1
3	3.061780787	0
3	3.143827787	1
3	3.243827787	0
3	3.332936787	1
3	3.432936787	0
3	3.716065787	1
3	3.816065787	0
3	4.506269787	1
3	4.606269787	0
3	4.611587787	1
3	4.711587787	0
3	4.721780787	1
3	4.821780787	0
3	4.889399787	1
3	4.989399787	0
3	5.057018787	1
3	5.157018787	0
3	5.308446787	1
3	5.408446787	0
3	5.446654787	1
3	5.546654787	0
3	5.695563787	1
3	5.795563787	0
3	7.200147787	1
3	7.300147787	0
3	7.403684787	1
3	7.503684787	0
3	7.667086787	1
3	7.767086787	0
3	7.913297787	1
3	8.013297787	0
3	8.026269787	1
3	8.110079787	1
3	8.210079787	0
3	8.487551787	1
3	8.565045787	1
3	8.665045787	0
3	8.667198787	1
3	8.767198787	0
3	9.522868787	1
3	9.622868787	0
3	9.679748787	1
3	9.779748787	0
3	10.07361679	1
3	10.17361679	0
3	10.20531779	1
3	10.30531779	0
3	10.33701879	1
3	10.43701879	0
3	10.46871879	1
3	10.56871879	0
3	10.80395679	1
3	10.90395679	0
3	10.97157679	1
3	11.07157679	0
3	11.55766779	1
3	11.65766779	0
3	11.76178079	1
3	11.86178079	0
3	14.07252879	1
3	14.17252879	0
3	14.32043479	1
3	14.42043479	0
3	14.47960379	1
3	14.57960379	0
3	14.75497779	1
3	14.85497779	0
3	15.00640579	1
3	15.10640579	0
3	15.24713779	1
3	15.34713779	0
3	15.78066979	1
3	15.88066979	0
3	15.90436579	1
3	16.00436579	0
3	16.37130379	1
3	16.47130379	0
3	16.54214579	1
3	16.64214579	0
3	16.72362579	1
3	16.82362579	0
3	16.91007979	1
3	17.01007979	0
3	18.27497779	1
3	18.37497779	0
3	18.45456979	1
3	18.55456979	0
3	18.69402479	1
3	18.79402479	0
3	18.96623079	1
3	19.05320879	1
3	19.15320879	0
3	19.47225679	1
3	19.57225679	0
3	19.63987579	1
3	19.73987579	0
3	19.80749479	1
3	19.89130379	1
3	19.98708679	1
3	20.08708679	0
3	20.45402479	1
3	20.52586179	1
3	20.62586179	0
3	20.72939979	1
3	20.82939979	0
3	21.66327679	1
3	21.76327679	0
3	21.80789779	1
3	21.90789779	0
3	22.00702479	1
3	22.10702479	0
3	22.57196479	1
3	22.67196479	0
3	23.11249479	1
3	23.21249479	0
3	24.33320879	1
3	24.43320879	0
3	24.46490979	1
3	24.54871879	1
3	24.64871879	0
3	24.69239279	1
3	24.79239279	0
3	25.04467379	1
3	25.14467379	0
3	25.78191679	1
3	25.88191679	0
3	25.90463179	1
3	26.00463179	0
3	26.10518179	1
3	26.20518179	0
3	27.24259679	1
3	27.34259679	0
3	27.42218879	1
3	27.52218879	0
3	27.57783479	1
3	27.67783479	0
3	27.76956379	1
3	27.86956379	0
3	27.93701879	1
3	28.03280079	1
3	28.13280079	0
3	28.35606579	1
3	28.45184879	1
3	28.55184879	0
3	28.70327679	1
3	28.80327679	0
3	28.87089579	1
3	28.97089579	0
3	29.17021579	1
3	29.24205279	1
3	29.34205279	0
3	29.61320879	1
3	29.71320879	0
		1
3	30.41538579	1
3	30.51538579	0
3	30.57975079	1
3	30.67975079	0
3	30.75062379	1
3	30.85062379	0
3	31.20558979	1
3	31.28939979	1
3	31.38939979	0
3	31.48191579	1
3	31.58191579	0
3	31.60636979	1
3	31.70636979	0
3	31.94790279	1
3	32.04790279	0
3	32.11244379	1
3	32.21130379	1
3	32.30183079	1
3	32.40183079	0
3	32.80994379	1
3	32.89375279	1
3	32.99375279	0
3	33.09729079	1
3	33.19729079	0
3	33.31280079	1
3	33.41280079	0
3	33.74353779	1
3	33.84353779	0
3	35.74327679	1
3	35.84327679	0
3	36.53985379	1
3	36.63985379	0
3	36.69745379	1
3	36.79745379	0
3	37.12014779	1
3	37.22014779	0
3	37.25262979	1
3	37.35262979	0
3	37.91008579	1
3	38.01008579	0
3	38.25314779	1
3	38.35314779	0
3	38.52478379	1
3	38.58082779	1
3	38.68082779	0
3	38.85445579	1
3	38.95445579	0
3	39.05973979	1
3	39.15973979	0
3	39.34469879	1
3	39.40695079	1
3	39.50695079	0
3	39.61048779	1
3	39.71048779	0
3	39.88586179	1
3	39.98586179	0
3	40.47252879	1
3	40.55633779	1
3	40.65633779	0
3	41.02327679	1
3	41.12327679	0
3	41.27470579	1
3	41.37470579	0
3	42.67552179	1
3	42.77552179	0
3	43.00499679	1
3	43.10499679	0
3	43.52558979	1
3	43.62558979	0
3	43.66323679	1
3	43.76323679	0
3	43.76783279	1
3	43.86783279	0
3	43.95661079	1
3	44.05661079	0
3	44.25592979	1
3	44.35592979	0
3	44.37565779	1
3	44.47565779	0
3	44.51420779	1
3	44.61420779	0
3	45.42502979	1
3	45.52502979	0
3	45.72658979	1
3	45.81239279	1
3	45.91239279	0
3	46.00234879	1
3	46.10234879	0
3	46.11171279	1
3	46.21171279	0
3	46.32722279	1
3	46.42722279	0
3	46.81303279	1
3	46.91303279	0
3	47.10374579	1
3	47.20374579	0
3	47.24876179	1
3	47.34876179	0
3	47.52689079	1
3	47.62689079	0
3	47.68014779	1
3	47.78014779	0
3	47.82382079	1
3	47.92382079	0
3	48.07625279	1
3	48.17625279	0
3	48.25484179	1
3	48.35484179	0
3	48.36628679	1
3	48.46628679	0
3	48.66191679	1
3	48.74572579	1
3	48.84572579	0
3	48.86911379	1
3	48.96911379	0
3	50.01484179	1
3	50.11484179	0
3	50.24312279	1
3	50.34312279	0
3	50.42191679	1
3	50.52191679	0
3	50.68426379	1
3	50.78426379	0
3	51.08674579	1
3	51.18674579	0
3	52.75661079	1
3	52.85661079	0
3	53.76232479	1
3	53.86232479	0
3	54.89973979	1
3	54.99973979	0
3	55.98926379	1
3	56.08926379	0
3	56.08979379	1
3	56.15689079	1
3	56.25689079	0
3	56.43225679	1
3	56.53225679	0
3	57.00927379	1
3	57.10927379	0
3	57.28232479	1
3	57.38232479	0
3	57.45149679	1
3	57.55149679	0
3	57.59651379	1
3	57.69651379	0
3	58.81484179	1
3	58.91484179	0
3	58.99095979	1
3	59.09095979	0
3	59.42545379	1
3	59.52545379	0
3	59.71888679	1
3	59.81888679	0
3	59.94028379	1
3	60.04028379	0
3	60.45575679	1
3	60.55575679	0
3	60.56654879	1
3	60.64667879	1
3	60.74667879	0
3	61.05375279	1
3	61.15375279	0
3	61.26926379	1
3	61.36926379	0
3	61.59139379	1
3	61.69139379	0
3	62.07143979	1
3	62.17143979	0
3	62.26300479	1
3	62.36300479	0
3	62.53837879	1
3	62.63837879	0
		1
4	0.398385787	1
4	0.498385787	0
4	0.689427631	1
4	0.789427631	0
4	0.840937631	1
4	0.940937631	0
4	1.126349631	1
4	1.226349631	0
4	1.542891631	1
4	1.642891631	0
4	1.772879631	1
4	1.844716631	1
4	1.944716631	0
4	2.251791631	1
4	2.347573631	1
4	2.447573631	0
4	2.485197631	1
4	2.585197631	0
4	3.125805631	1
4	3.225805631	0
4	3.353288631	1
4	3.453288631	0
4	3.473015631	1
4	3.573015631	0
4	3.808254631	1
4	3.908254631	0
4	3.990834631	1
4	4.090834631	0
4	4.155464631	1
4	4.255464631	0
4	4.632185631	1
4	4.732185631	0
4	5.077369631	1
4	5.177369631	0
4	5.460498631	1
4	5.560498631	0
4	5.903492631	1
4	6.003492631	0
4	6.262675631	1
4	6.346485631	1
4	6.446485631	0
4	7.172607631	1
4	7.253283631	1
4	7.353283631	0
4	7.388559631	1
4	7.488559631	0
4	7.699410631	1
4	7.799410631	0
4	8.094512631	1
4	8.194512631	0
4	8.250158631	1
4	8.350158631	0
4	8.465668631	1
4	8.565668631	0
4	8.860771631	1
4	8.960771631	0
4	9.219954631	1
4	9.319954631	0
4	9.339682631	1
4	9.439682631	0
4	9.567165631	1
4	9.667165631	0
4	9.794648631	1
4	9.894648631	0
4	9.926349631	1
4	10.02634963	0
4	10.08199563	1
4	10.18199563	0
4	10.51044763	1
4	10.60879863	1
4	10.70879863	0
4	10.72852663	1
4	10.82852663	0
4	11.11381763	1
4	11.21381763	0
4	11.74621363	1
4	11.84621363	0
4	11.95457563	1
4	12.05457563	0
4	12.06387963	1
4	12.16387963	0
4	12.28498863	1
4	12.38498863	0
4	12.44063463	1
4	12.54063463	0
4	12.64462563	1
4	12.74462563	0
4	12.75192763	1
4	12.85192763	0
4	13.24281163	1
4	13.34281163	0
4	13.47324963	1
4	13.57324963	0
4	14.23655363	1
4	14.33655363	0
4	14.41614563	1
4	14.51614563	0
4	14.85699863	1
4	14.95699863	0
4	15.11056663	1
4	15.19437663	1
4	15.29437663	0
4	15.75709763	1
4	15.85709763	0
4	15.93668963	1
4	16.03668963	0
4	16.09233563	1
4	16.19233563	0
4	16.27192763	1
4	16.37192763	0
4	16.43954663	1
4	16.53954663	0
4	16.58322063	1
4	16.68322063	0
4	16.77246763	1
4	16.87246763	0
4	17.08607763	1
4	17.18607763	0
4	17.28976663	1
4	17.38976663	0
4	18.00798163	1
4	18.10798163	0
4	18.31422063	1
4	18.41422063	0
4	18.42702963	1
4	18.52702963	0
4	18.61859463	1
4	18.71859463	0
4	18.79818563	1
4	18.89818563	0
4	19.31301563	1
4	19.38505963	1
4	19.48505963	0
4	19.67375863	1
4	19.77375863	0
4	19.78522663	1
4	19.88522663	0
4	20.63002263	1
4	20.73002263	0
4	21.12090763	1
4	21.22090763	0
4	21.36644463	1
4	21.43219963	1
4	21.53219963	0
4	21.71954663	1
4	21.81532863	1
4	21.91532863	0
4	22.11464863	1
4	22.21464863	0
4	23.18022663	1
4	23.28022663	0
4	23.34784563	1
4	23.44784563	0
4	23.51076263	1
4	23.61076263	0
4	23.65036763	1
4	23.75036763	0
4	24.00634963	1
4	24.10634963	0
4	24.17712863	1
4	24.27712863	0
4	24.82182563	1
4	24.92182563	0
4	24.94022663	1
4	25.04022663	0
4	25.57799163	1
4	25.67799163	0
4	25.70940763	1
4	25.77832263	1
4	25.87832263	0
4	26.11436663	1
4	26.21436663	0
4	27.16716563	1
4	27.26716563	0
4	27.59113663	1
4	27.69113663	0
4	28.00526063	1
4	28.10526063	0
		1
		1
4	28.35477763	1
4	28.45477763	0
4	28.68770963	1
4	28.78770963	0
4	28.84335663	1
4	28.94335663	0
4	29.40607763	1
4	29.50607763	0
4	30.17233563	1
4	30.27233563	0
4	30.31600963	1
4	30.41600963	0
4	30.89070263	1
4	30.99070263	0
4	31.93233563	1
4	32.03233563	0
		1
4	32.08798163	1
4	32.18798163	0
4	32.31546463	1
4	32.41546463	0
4	32.43519263	1
4	32.53519263	0
4	32.55492063	1
4	32.65492063	0
4	32.89015863	1
4	32.99015863	0
4	33.27328863	1
4	33.37328863	0
4	33.70494363	1
4	33.80494363	0
4	33.81316563	1
4	33.91316563	0
4	35.16498863	1
4	35.26498863	0
4	35.61995463	1
4	35.71995463	0
4	35.85941063	1
4	35.95941063	0
4	36.26648563	1
4	36.36648563	0
4	37.59546463	1
4	37.69546463	0
4	37.73208963	1
4	37.83208963	0
4	38.12817963	1
4	38.22817963	0
4	38.24181263	1
4	38.34181263	0
4	38.40054563	1
4	38.50054563	0
4	38.79274363	1
4	38.89274363	0
4	39.11600963	1
4	39.21600963	0
4	39.35546463	1
4	39.45546463	0
4	39.88226763	1
4	39.98226763	0
4	40.07216363	1
4	40.17216363	0
4	41.04362863	1
4	41.14362863	0
4	41.40281163	1
4	41.50281163	0
4	41.69015863	1
4	41.79015863	0
4	41.80957263	1
4	41.90957263	0
4	41.92961463	1
4	42.02961463	0
4	42.24090763	1
4	42.33668963	1
4	42.43668963	0
4	42.57203263	1
4	42.67203263	0
4	42.72981063	1
4	42.82981063	0
4	43.04308363	1
4	43.14308363	0
4	43.15083963	1
4	43.25083963	0
4	43.66566863	1
4	43.76566863	0
4	43.83328863	1
4	43.93328863	0
4	44.10866263	1
4	44.20866263	0
4	44.25233563	1
4	44.35233563	0
4	44.41995463	1
4	44.51995463	0
4	44.81505663	1
4	44.91505663	0
4	46.10811763	1
4	46.20811763	0
4	46.25192363	1
4	46.35192363	0
4	47.24553263	1
4	47.34553263	0
4	47.56879863	1
4	47.66879863	0
4	48.95285963	1
4	49.05285963	0
4	49.10869863	1
4	49.20869863	0
4	49.35274363	1
4	49.45274363	0
4	49.69995463	1
4	49.79995463	0
4	49.96335663	1
4	50.06335663	0
4	50.09505663	1
4	50.19505663	0
4	50.44226763	1
4	50.54226763	0
4	50.56199563	1
4	50.66199563	0
4	50.76290263	1
4	50.86290263	0
4	51.24444463	1
4	51.34444463	0
4	51.45995463	1
4	51.55995463	0
4	51.92689363	1
4	52.02689363	0
4	52.06513863	1
4	52.16513863	0
4	52.20226763	1
4	52.30226763	0
4	52.37652063	1
4	52.47652063	0
4	52.48961463	1
4	52.58961463	0
4	52.87317663	1
4	52.97145863	1
4	53.07145863	0
4	53.21995463	1
4	53.31995463	0
4	53.33968263	1
4	53.43968263	0
4	53.61505663	1
4	53.71505663	0
4	55.17151963	1
4	55.23582963	1
4	55.33582963	0
4	55.40110663	1
4	55.50110663	0
4	55.60253963	1
4	55.70253963	0
4	55.77015863	1
4	55.87015863	0
4	55.92580563	1
4	56.02580563	0
4	56.21315163	1
4	56.31315163	0
4	56.38657763	1
4	56.48657763	0
4	56.57233563	1
4	56.67233563	0
4	56.73995463	1
4	56.83995463	0
4	56.96743763	1
4	57.03927463	1
4	57.11111163	1
4	57.21111163	0
4	57.60199563	1
4	57.70199563	0
4	57.86539663	1
4	57.96539663	0
4	57.99709763	1
4	58.09709763	0
4	59.03873063	1
4	59.13873063	0
4	59.37396863	1
4	59.47396863	0
4	60.03247163	1
4	60.13247163	0
4	60.27228563	1
4	60.37228563	0
4	60.51457663	1
4	60.61457663	0
4	60.62911563	1
4	60.72911563	0
4	61.23515563	1
4	61.33515563	0
4	61.40908963	1
4	61.50908963	0
4	63.22920663	1
4	63.28054363	1
4	63.38054363	0
4	63.46866263	1
4	63.56866263	0
4	63.74156763	1
4	63.80390063	1
4	63.90390063	0
4	64.32668563	1
4	64.41084863	1
4	64.51084863	0
4	64.56802363	1
4	64.66802363	0
4	65.36036263	1
4	65.46036263	0
4	65.79138363	1
4	65.89138363	0
4	66.51241563	1
4	66.61241563	0
4	66.65526763	1
4	66.73779663	1
4	66.83779663	0
4	66.85223063	1
4	66.95223063	0
4	67.25244963	1
4	67.35244963	0
4	67.44362863	1
4	67.54362863	0
4	67.65913863	1
4	67.75913863	0
4	68.03985163	1
4	68.13985163	0
4	68.15456663	1
4	68.25456663	0
4	68.26278763	1
4	68.36278763	0
4	68.43736963	1
4	68.53736963	0
4	68.59301563	1
4	68.69301563	0
4	68.76063463	1
4	68.86063463	0
4	69.12991863	1
4	69.22991863	0
5	0.561145631	1
5	0.661145631	0
5	0.689847173	1
5	0.789847173	0
5	0.936113173	1
5	1.036113173	0
5	1.115705173	1
5	1.215705173	0
5	1.618562173	1
5	1.718562173	0
5	1.858018173	1
5	1.958018173	0
5	2.107547173	1
5	2.207547173	0
5	2.220976173	1
5	2.312984173	1
5	2.412984173	0
5	2.528494173	1
5	2.628494173	0
5	2.648222173	1
5	2.748222173	0
5	2.847481173	1
5	2.947481173	0
5	4.108902173	1
5	4.208902173	0
5	4.527950173	1
5	4.627950173	0
5	4.666011173	1
5	4.766011173	0
5	4.803324173	1
5	4.903324173	0
5	5.126589173	1
5	5.226589173	0
5	5.261374173	1
5	5.361374173	0
5	5.371760173	1
5	5.471760173	0
5	6.383732173	1
5	6.483732173	0
5	6.833959173	1
5	6.910535173	1
5	7.010535173	0
5	7.113220173	1
5	7.213220173	0
5	7.305637173	1
5	7.405637173	0
5	7.437338173	1
5	7.537338173	0
5	7.704109173	1
5	7.804109173	0
5	7.877263173	1
5	7.977263173	0
5	9.664277173	1
5	9.764277173	0
5	10.26291617	1
5	10.36291617	0
5	10.81366417	1
5	10.91366417	0
5	11.98699817	1
5	12.08699817	0
5	12.15461717	1
5	12.25461717	0
5	12.32223617	1
5	12.42223617	0
5	12.71894017	1
5	12.81894017	0
5	13.01979617	1
5	13.11979617	0
5	13.13638517	1
5	13.23638517	0
5	13.45965117	1
5	13.55965117	0
5	13.66318817	1
5	13.76318817	0
5	14.08223617	1
5	14.18223617	0
5	14.32169217	1
5	14.42169217	0
5	14.64495717	1
5	14.74495717	0
5	15.19176917	1
5	15.29176917	0
5	16.79702417	1
5	16.89702417	0
5	17.12403517	1
5	17.22403517	0
5	17.31648717	1
5	17.41648717	0
5	17.64764417	1
5	17.74764417	0
5	17.80577317	1
5	17.90577317	0
5	18.18890217	1
5	18.28890217	0
5	18.56005917	1
5	18.66005917	0
5	18.92607117	1
5	19.00305217	1
5	19.10305217	0
5	19.31350417	1
5	19.41350417	0
5	20.90959317	1
5	21.00959317	0
5	21.25590217	1
5	21.35590217	0
5	21.48749517	1
5	21.58749517	0
5	21.59138817	1
5	21.69138817	0
5	23.12299917	1
5	23.22256217	1
5	23.32256217	0
5	23.45848517	1
5	23.55848517	0
5	23.56870017	1
5	23.64895517	1
5	23.74895517	0
5	24.04359617	1
5	24.14359617	0
5	24.15261217	1
5	24.25261217	0
5	24.61147117	1
5	24.71147117	0
5	24.73801817	1
5	24.83801817	0
5	25.07249417	1
5	25.17249417	0
5	25.18504417	1
5	25.28504417	0
5	25.48033117	1
5	25.58033117	0
5	26.76141917	1
5	26.86141917	0
5	27.09665817	1
5	27.19665817	0
5	27.26427717	1
5	27.36427717	0
5	27.51271417	1
5	27.59951517	1
5	27.69951517	0
5	27.92278017	1
5	28.02278017	0
5	28.03053517	1
5	28.13053517	0
5	28.13829017	1
5	28.23829017	0
5	28.47352817	1
5	28.57352817	0
5	28.66509317	1
5	28.76509317	0
5	29.01230417	1
5	29.11230417	0
5	29.89829017	1
5	29.99829017	0
5	30.06590917	1
5	30.10182817	1
5	30.20182817	0
5	30.34671017	1
5	30.44671017	0
5	30.73638517	1
5	30.82019517	1
5	30.92019517	0
5	30.97584117	1
5	31.07584117	0
5	31.20165917	1
5	31.26007417	1
5	31.34018317	1
5	31.44018317	0
5	31.75407217	1
5	31.85407217	0
5	31.96958317	1
5	32.06536517	1
5	32.16536517	0
5	32.33718017	1
5	32.43718017	0
5	32.58019517	1
5	32.65203217	1
5	32.75203217	0
5	33.74155517	1
5	33.84155517	0
5	33.84931117	1
5	33.94931117	0
5	34.00050617	1
5	34.10050617	0
5	34.10073917	1
5	34.20073917	0
5	34.37743117	1
5	34.47743117	0
5	34.69127317	1
5	34.74727017	1
5	34.84727017	0
5	35.16631717	1
5	35.25538517	1
5	35.35538517	0
5	36.35162417	1
5	36.45162417	0
5	36.51924317	1
5	36.61924317	0
5	36.62699817	1
5	36.72699817	0
5	37.15380017	1
5	37.25380017	0
5	37.40522917	1
5	37.50522917	0
5	37.79375817	1
5	37.86302017	1
5	37.96302017	0
5	39.51244017	1
5	39.61244017	0
5	39.71597717	1
5	39.81597717	0
5	39.96740617	1
5	40.06740617	0
5	40.43434517	1
5	40.53434517	0
5	40.82944717	1
5	40.92944717	0
5	40.94917517	1
5	41.04917517	0
5	41.15271217	1
5	41.25271217	0
5	41.40025117	1
5	41.50025117	0
5	42.38590917	1
5	42.48590917	0
5	42.55092317	1
5	42.65092317	0
5	42.81693017	1
5	42.91693017	0
5	43.00849417	1
5	43.10849417	0
5	43.42754217	1
5	43.52754217	0
5	43.58318817	1
5	43.68318817	0
5	44.13393617	1
5	44.21774617	1
5	44.27761017	1
5	44.37761017	0
5	44.64876617	1
5	44.74876617	0
5	44.91805217	1
5	45.01805217	0
5	45.09176017	1
5	45.19176017	0
5	45.91788217	1
5	46.01788217	0
5	46.06006617	1
5	46.16006617	0
5	46.48862317	1
5	46.58862317	0
5	46.68414117	1
5	46.78414117	0
5	47.54618117	1
5	47.64618117	0
5	47.66590917	1
5	47.76590917	0
5	48.07298417	1
5	48.17298417	0
5	48.30372817	1
5	48.40372817	0
5	49.13856217	1
5	49.23856217	0
5	49.29685017	1
5	49.39685017	0
5	50.07342517	1
5	50.17342517	0
5	50.22493517	1
5	50.32493517	0
5	50.54743517	1
5	50.64743517	0
5	50.72426417	1
5	50.82426417	0
5	51.94933017	1
5	52.04933017	0
5	52.06188017	1
5	52.15258617	1
5	52.25258617	0
5	52.55080717	1
5	52.65080717	0
5	52.68250817	1
5	52.78250817	0
5	52.86210017	1
5	52.96210017	0
5	53.06778617	1
5	53.16778617	0
5	53.20374417	1
5	53.30374417	0
5	53.68822217	1
5	53.78822217	0
5	54.05937917	1
5	54.15937917	0
5	54.89747417	1
5	54.99747417	0
5	55.07706617	1
5	55.17706617	0
5	55.27152717	1
5	55.37152717	0
5	55.40033117	1
5	55.50033117	0
5	55.61174417	1
5	55.71174417	0
5	55.97502517	1
5	56.07502517	0
5	56.19053517	1
5	56.29053517	0
5	56.33420917	1
5	56.43420917	0
5	56.54971917	1
5	56.64971917	0
5	56.80114717	1
5	56.90114717	0
5	57.93856217	1
5	58.03856217	0
5	58.13012717	1
5	58.23012717	0
5	58.35761017	1
5	58.45761017	0
5	58.50128317	1
5	58.60128317	0
5	58.71679417	1
5	58.81679417	0
5	58.93230417	1
5	59.03230417	0
5	59.36332417	1
5	59.46332417	0
5	59.68658917	1
5	59.78658917	0
5	59.85420917	1
5	59.95420917	0
5	60.03380017	1
5	60.13380017	0
5	60.41693017	1
5	60.51693017	0
5	60.81203217	1
5	60.91203217	0
5	60.91978717	1
5	61.01978717	0
5	61.26699817	1
5	61.36699817	0
5	61.38672617	1
5	61.48672617	0
5	61.59026317	1
5	61.69026317	0
5	61.75788217	1
5	61.85788217	0
5	62.17693017	1
5	62.27693017	0
5	62.51541617	1
5	62.61541617	0
5	62.64386817	1
5	62.74386817	0
5	62.95516117	1
5	63.05516117	0
5	63.13475317	1
5	63.23475317	0
5	63.94890217	1
5	64.04890217	0
		1
5	64.08588317	1
5	64.18588317	0
5	64.54754217	1
5	64.64754217	0
5	64.69121517	1
5	64.79121517	0
5	64.85883417	1
5	64.95883417	0
5	65.31380017	1
5	65.41380017	0
6	0.323245298	1
6	0.423245298	0
6	0.568708743	1
6	0.668708743	0
6	1.039808743	1
6	1.139808743	0
6	1.422937743	1
6	1.522937743	0
6	1.590556743	1
6	1.690556743	0
6	1.730401743	1
6	1.830401743	0
6	2.380761743	1
6	2.480761743	0
6	2.600501743	1
6	2.700501743	0
6	2.847699743	1
6	2.947699743	0
6	3.206883743	1
6	3.306883743	0
6	3.379041743	1
6	3.479041743	0
6	3.534880743	1
6	3.634880743	0
6	4.739400743	1
6	4.839400743	0
6	4.967131743	1
6	5.067131743	0
6	5.972597743	1
6	6.072597743	0
6	6.738856743	1
6	6.838856743	0
6	7.229740743	1
6	7.329740743	0
6	7.529060743	1
6	7.629060743	0
6	7.756543743	1
6	7.856543743	0
6	8.211509743	1
6	8.311509743	0
6	8.566976743	1
6	8.654502743	1
6	8.754502743	0
6	8.917903743	1
6	9.013686743	1
6	9.113686743	0
6	9.469543743	1
6	9.569543743	0
6	9.612325743	1
6	9.712325743	0
6	9.839808743	1
6	9.939808743	0
6	10.90538674	1
6	11.00538674	0
6	11.07300574	1
6	11.14484274	1
6	11.24484274	0
6	11.48008074	1
6	11.58008074	0
6	11.67207674	1
6	11.77207674	0
6	13.28797174	1
6	13.38797174	0
6	13.68307374	1
6	13.78307374	0
6	13.85069374	1
6	13.95069374	0
6	14.05370274	1
6	14.13803974	1
6	14.23803974	0
6	14.35355074	1
6	14.45355074	0
6	15.04797174	1
6	15.14797174	0
6	15.20361874	1
6	15.30361874	0
6	15.37123774	1
6	15.47123774	0
6	15.73042074	1
6	15.83042074	0
6	15.93395874	1
6	16.03395874	0
6	16.07763174	1
6	16.17763174	0
6	16.22130574	1
6	16.32130574	0
6	16.55654374	1
6	16.65654374	0
6	16.69133574	1
6	16.74810774	1
6	16.84810774	0
6	18.05314174	1
6	18.15314174	0
6	18.26865274	1
6	18.36865274	0
6	18.55599974	1
6	18.65599974	0
6	18.87926474	1
6	18.97926474	0
6	19.01096574	1
6	19.08280174	1
6	19.18280174	0
6	19.22870174	1
6	19.32870174	0
6	19.48987674	1
6	19.58987674	0
6	19.88497874	1
6	19.98497874	0
6	20.95055674	1
6	21.05055674	0
6	21.44144174	1
6	21.54144174	0
6	21.58511474	1
6	21.68511474	0
6	21.83654374	1
6	21.93654374	0
6	22.18375474	1
6	22.28375474	0
6	22.45912874	1
6	22.55912874	0
6	23.41695174	1
6	23.51695174	0
6	23.54865274	1
6	23.62048874	1
6	23.72048874	0
6	23.90783574	1
6	24.00783574	0
6	24.24307374	1
6	24.34307374	0
6	24.37477474	1
6	24.47477474	0
6	24.74547574	1
6	24.84547574	0
6	24.86565874	1
6	24.96565874	0
6	25.26076174	1
6	25.36076174	0
6	25.79953674	1
6	25.89953674	0
6	26.09885674	1
6	26.19885674	0
6	27.21232574	1
6	27.31232574	0
6	27.36797174	1
6	27.46797174	0
6	27.53559074	1
6	27.63559074	0
6	27.73374674	1
6	27.79899274	1
6	27.89899274	0
6	28.20606774	1
6	28.28987674	1
6	28.38987674	0
6	28.40175074	1
6	28.50175074	0
6	29.27164574	1
6	29.37164574	0
6	29.58293774	1
6	29.68293774	0
6	29.81042074	1
6	29.91042074	0
6	30.22946874	1
6	30.32946874	0
6	30.39708774	1
6	30.49708774	0
6	30.50484274	1
6	30.60484274	0
6	31.00769974	1
6	31.10769974	0
6	31.18729174	1
6	31.28729174	0
6	31.45069374	1
6	31.55069374	0
6	31.81344474	1
6	31.91344474	0
6	31.92960474	1
6	32.02960474	0
6	32.19300574	1
6	32.29300574	0
6	32.30076174	1
6	32.40076174	0
6	32.52554174	1
6	32.62554174	0
6	32.67191774	1
6	32.77191774	0
6	33.06599374	1
6	33.16599374	0
6	33.22616174	1
6	33.32616174	0
6	33.34239374	1
6	33.44239374	0
6	33.62874474	1
6	33.70157774	1
6	33.80157774	0
6	34.63545474	1
6	34.73545474	0
6	34.88114474	1
6	34.98114474	0
6	35.05450274	1
6	35.15450274	0
6	35.33567474	1
6	35.43567474	0
6	35.47355074	1
6	35.57355074	0
6	36.08416274	1
6	36.18416274	0
6	36.21586374	1
6	36.31586374	0
6	36.47340974	1
6	36.57340974	0
6	36.59766974	1
6	36.69766974	0
6	36.72226874	1
6	36.82226874	0
6	37.65259774	1
6	37.75259774	0
6	37.85613574	1
6	37.95613574	0
6	38.02375474	1
6	38.12375474	0
6	38.35899274	1
6	38.45899274	0
6	38.77555674	1
6	38.87555674	0
6	38.90974074	1
6	39.00974074	0
6	39.02946874	1
6	39.12946874	0
6	39.22103374	1
6	39.32103374	0
6	39.52035274	1
6	39.59218974	1
6	39.69218974	0
6	40.35844874	1
6	40.45844874	0
6	40.50212174	1
6	40.60212174	0
6	40.60987674	1
6	40.70987674	0
6	40.98103374	1
6	41.08103374	0
6	41.20851674	1
6	41.30851674	0
6	41.43599974	1
6	41.53599974	0
6	41.75926474	1
6	41.85926474	0
6	41.92688374	1
6	42.02688374	0
6	42.06820674	1
6	42.16820674	0
6	43.01640774	1
6	43.11640774	0
6	43.25586374	1
6	43.35586374	0
6	43.55518274	1
6	43.65518274	0
6	44.05803974	1
6	44.15803974	0
6	44.17776774	1
6	44.23832374	1
6	44.33832374	0
6	44.72851674	1
6	44.82851674	0
6	45.13559074	1
6	45.23559074	0
6	45.55463874	1
6	45.65463874	0
6	45.87790374	1
6	45.97790374	0
6	46.06946874	1
6	46.16946874	0
6	46.30892474	1
6	46.40892474	0
6	46.69205374	1
6	46.79205374	0
6	46.88361874	1
6	46.98361874	0
6	46.99137374	1
6	47.09137374	0
6	47.26674774	1
6	47.36252974	1
6	47.46252974	0
6	47.79355074	1
6	47.89355074	0
6	48.09286974	1
6	48.19286974	0
6	48.30838074	1
6	48.40838074	0
6	48.44008074	1
6	48.54008074	0
6	49.61341474	1
6	49.71341474	0
6	49.79300574	1
6	49.89300574	0
6	49.91273374	1
6	50.01273374	0
6	50.40361874	1
6	50.50361874	0
6	50.58770274	1
6	50.68770274	0
6	50.91844874	1
6	50.99028474	1
6	51.09028474	0
6	51.88824474	1
6	51.98824474	0
6	52.05586374	1
6	52.15586374	0
6	52.23545474	1
6	52.33545474	0
6	52.38352774	1
6	52.48352774	0
6	52.61858474	1
6	52.71858474	0
6	53.51654374	1
6	53.61654374	0
6	53.64538874	1
6	53.74538874	0
6	53.85178174	1
6	53.95178174	0
6	54.21382874	1
6	54.30674774	1
6	54.40674774	0
6	54.46057374	1
6	54.56057374	0
6	54.71382274	1
6	54.79763174	1
6	54.89763174	0
6	54.95327874	1
6	55.05327874	0
6	55.24062474	1
6	55.34062474	0
6	55.46810774	1
6	55.56810774	0
6	55.86321074	1
6	55.94456674	1
6	56.04456674	0
6	56.17450274	1
6	56.27450274	0
6	56.32334174	1
6	56.42334174	0
6	56.61749574	1
6	56.71749574	0
6	57.04851674	1
6	57.14851674	0
6	57.40769974	1
6	57.50769974	0
6	58.34157774	1
6	58.44157774	0
6	58.54511474	1
6	58.64511474	0
6	58.85640774	1
6	58.95640774	0
6	59.41912874	1
6	59.51912874	0
6	59.70647574	1
6	59.77831274	1
6	59.87831274	0
6	60.64035274	1
6	60.74035274	0
6	61.19110174	1
6	61.29110174	0
6	61.38266574	1
6	61.48266574	0
6	61.56225774	1
6	61.66225774	0
6	61.82565874	1
6	61.92565874	0
6	62.10103374	1
6	62.20103374	0
6	62.26865274	1
6	62.36865274	0
6	62.43627174	1
6	62.53627174	0
6	62.66375474	1
6	62.76375474	0
7	0.586736359	1
7	0.686736359	0
7	1.179532195	1
7	1.279532195	0
7	1.418988195	1
7	1.518988195	0
7	1.694362195	1
7	1.794362195	0
7	2.051148195	1
7	2.151148195	0
7	2.304974195	1
7	2.404974195	0
7	2.747968195	1
7	2.847968195	0
7	2.999396195	1
7	3.099396195	0
7	3.370553195	1
7	3.470553195	0
7	4.256539195	1
7	4.356539195	0
7	4.460076195	1
7	4.560076195	0
7	4.711505195	1
7	4.795315195	1
7	4.895315195	0
7	5.274226195	1
7	5.374226195	0
7	6.507423195	1
7	6.607423195	0
7	6.639124195	1
7	6.739124195	0
7	6.806743195	1
7	6.906743195	0
7	7.201845195	1
7	7.301845195	0
7	7.440325195	1
7	7.540325195	0
7	7.668784195	1
7	7.768784195	0
7	7.974939195	1
7	8.068009195	1
7	8.168009195	0
7	8.494906195	1
7	8.594906195	0
7	8.937900195	1
7	9.037900195	0
7	9.835859195	1
7	9.935859195	0
7	10.03939619	1
7	10.13939619	0
7	10.56619919	1
7	10.66619919	0
7	11.02116519	1
7	11.12116519	0
7	11.60783219	1
7	11.70783219	0
7	11.75150519	1
7	11.85150519	0
7	11.92477219	1
7	12.02477219	0
7	12.05082519	1
7	12.15082519	0
7	12.30225319	1
7	12.40225319	0
7	12.69735519	1
7	12.79735519	0
7	12.86497419	1
7	12.96497419	0
7	13.03259319	1
7	13.12837619	1
7	13.20021319	1
7	13.30021319	0
7	13.55939619	1
7	13.65517919	1
7	13.75074419	1
7	13.85074419	0
7	15.16375019	1
7	15.26375019	0
7	15.29534219	1
7	15.39534219	0
7	15.87014419	1
7	15.97014419	0
7	16.21522319	1
7	16.31522319	0
7	16.32511019	1
7	16.42511019	0
7	16.79204919	1
7	16.89204919	0
7	16.92948519	1
7	17.02948519	0
7	17.13926019	1
7	17.23926019	0
7	17.50658319	1
7	17.59422619	1
7	17.69000819	1
7	17.79000819	0
7	17.96538319	1
7	18.06538319	0
7	18.18089319	1
7	18.28089319	0
7	18.33653919	1
7	18.43653919	0
7	19.29436219	1
7	19.39436219	0
7	19.43644819	1
7	19.53644819	0
7	19.57064319	1
7	19.67064319	0
7	19.88102919	1
7	19.98102919	0
7	20.14443019	1
7	20.24443019	0
7	20.25218519	1
7	20.35218519	0
7	20.40783219	1
7	20.50783219	0
7	20.60956819	1
7	20.70956819	0
7	20.92266119	1
7	21.02266119	0
7	21.19803619	1
7	21.29803619	0
7	21.32973619	1
7	21.42973619	0
7	22.42431519	1
7	22.52431519	0
7	22.98273719	1
7	23.08273719	0
7	23.13762719	1
7	23.22143719	1
7	23.32143719	0
7	23.65245719	1
7	23.75245719	0
7	23.97572319	1
7	24.07572319	0
7	24.33490619	1
7	24.43490619	0
7	24.56238919	1
7	24.66238919	0
7	24.86931419	1
7	24.96931419	0
7	25.22428019	1
7	25.32304019	1
7	25.42304019	0
7	25.63994019	1
7	25.73994019	0
7	26.17871619	1
7	26.27871619	0
7	26.40619919	1
7	26.50619919	0
7	26.64565519	1
7	26.74565519	0
7	26.83721919	1
7	26.93721919	0
7	27.26824019	1
7	27.36824019	0
7	28.32184519	1
7	28.42184519	0
7	28.52538319	1
7	28.62538319	0
7	28.97931419	1
7	29.07931419	0
7	29.14796819	1
7	29.24796819	0
7	29.28449919	1
7	29.37540519	1
7	29.47540519	0
7	29.71068919	1
7	29.81068919	0
7	30.23749119	1
7	30.33749119	0
7	30.57369419	1
7	30.67369419	0
7	31.08755919	1
7	31.18755919	0
7	31.47068919	1
7	31.57068919	0
7	32.57218519	1
7	32.67218519	0
7	32.77572319	1
7	32.87572319	0
7	33.15885219	1
7	33.24266119	1
7	33.34266119	0
7	33.56592719	1
7	33.66592719	0
7	33.94905619	1
7	34.04905619	0
7	34.20832419	1
7	34.30832419	0
7	34.32021319	1
7	34.39204919	1
7	34.49204919	0
7	35.06252519	1
7	35.16252519	0
7	35.24211719	1
7	35.34211719	0
7	35.37381819	1
7	35.47381819	0
7	35.55341019	1
7	35.65341019	0
7	36.15204919	1
7	36.25204919	0
7	36.60701519	1
7	36.70701519	0
7	36.81055319	1
7	36.91055319	0
7	38.83395419	1
7	38.93395419	0
7	39.28013419	1
7	39.38013419	0
7	39.71994019	1
7	39.80375019	1
7	39.90375019	0
7	40.31858019	1
7	40.41858019	0
7	40.55803619	1
7	40.65803619	0
		1
7	40.83341019	1
7	40.93295319	1
7	41.03295319	0
7	41.19259319	1
7	41.29259319	0
7	41.54468219	1
7	41.59966819	1
7	41.69966819	0
7	42.04266119	1
7	42.14266119	0
7	43.41953219	1
7	43.51953219	0
7	43.64701519	1
7	43.74701519	0
7	43.91041719	1
7	44.01041719	0
7	44.25762719	1
7	44.35762719	0
7	44.42524719	1
7	44.52524719	0
7	44.53300219	1
7	44.63300219	0
7	44.85626719	1
7	44.95626719	0
7	45.89790019	1
7	45.99790019	0
7	46.13735519	1
7	46.23735519	0
7	46.50851219	1
7	46.60851219	0
7	46.96347819	1
7	47.06347819	0
7	47.13082219	1
7	47.23082219	0
7	47.40647119	1
7	47.50647119	0
7	47.68184519	1
7	47.75368219	1
7	47.85368219	0
7	48.65164119	1
7	48.75164119	0
7	48.95096119	1
7	49.05096119	0
7	49.12994919	1
7	49.22994919	0
7	49.98056919	1
7	50.08056919	0
7	50.33980419	1
7	50.43980419	0
7	50.57926019	1
7	50.67926019	0
7	50.86934519	1
7	50.96934519	0
7	52.20755919	1
7	52.30755919	0
7	52.35123319	1
7	52.45123319	0
7	52.58276819	1
7	52.68276819	0
7	53.05762719	1
7	53.15341019	1
7	53.25341019	0
7	53.34497419	1
7	53.44497419	0
7	53.50062119	1
7	53.60062119	0
7	53.62034919	1
7	53.72034919	0
7	53.79994019	1
7	53.89994019	0
7	54.19504219	1
7	54.29504219	0
7	54.66198119	1
7	54.76198119	0
7	54.84157319	1
7	54.94157319	0
7	55.27451119	1
7	55.37451119	0
7	55.67966819	1
7	55.77966819	0
7	56.01490619	1
7	56.11490619	0
7	56.32619919	1
7	56.42619919	0
7	56.68538319	1
7	56.78538319	0
7	56.82905619	1
7	56.92905619	0
7	57.17626719	1
7	57.27626719	0
7	57.79885219	1
7	57.89885219	0
7	57.90660719	1
7	58.00660719	0
7	58.22987219	1
7	58.32987219	0
7	58.51721919	1
7	58.61721919	0
7	59.98987219	1
7	60.08987219	0
7	60.12157319	1
7	60.22157319	0
7	60.30116519	1
7	60.40116519	0
7	60.55259319	1
7	60.65259319	0
7	60.74593719	1
7	60.84593719	0
7	61.01953219	1
7	61.11953219	0
7	61.17517919	1
7	61.27517919	0
7	61.29490619	1
7	61.39490619	0
7	61.67583719	1
7	61.77583719	0
7	61.84565519	1
7	61.94565519	0
7	61.96538319	1
7	62.06538319	0
8	0.342	1
8	0.442	0
8	0.453316684	1
8	0.553316684	0
8	0.696698684	1
8	0.796698684	0
8	0.960099684	1
8	1.060099684	0
8	1.067854684	1
8	1.167854684	0
8	1.391120684	1
8	1.491120684	0
8	1.582684684	1
8	1.682684684	0
8	1.785899684	1
8	1.885899684	0
8	2.504589684	1
8	2.604589684	0
8	2.779963684	1
8	2.879963684	0
8	3.043431684	1
8	3.143431684	0
8	4.204725684	1
8	4.289338684	1
8	4.389338684	0
8	4.480099684	1
8	4.580099684	0
8	4.671664684	1
8	4.771664684	0
8	4.839283684	1
8	4.939283684	0
8	5.279842684	1
8	5.379842684	0
8	5.629487684	1
8	5.729487684	0
8	5.928807684	1
8	6.028807684	0
8	6.240099684	1
8	6.311936684	1
8	6.411936684	0
8	7.545133684	1
8	7.645133684	0
8	7.676834684	1
8	7.776834684	0
8	7.856426684	1
8	7.956426684	0
8	7.964181684	1
8	8.064181684	0
8	8.251528684	1
8	8.335337684	1
8	8.435337684	0
8	8.486719684	1
8	8.586719684	0
8	8.780278684	1
8	8.880278684	0
8	8.957922684	1
8	9.057922684	0
8	9.083297684	1
8	9.137514684	1
8	9.237514684	0
8	10.53833168	1
8	10.63833168	0
8	10.64608668	1
8	10.74608668	0
8	10.96554568	1
8	11.06554568	0
8	11.10105268	1
8	11.20105268	0
8	11.74758268	1
8	11.84758268	0
8	11.94114868	1
8	12.04114868	0
8	12.09754168	1
8	12.19754168	0
8	12.40608668	1
8	12.50608668	0
8	12.57370568	1
8	12.67370568	0
8	12.75329768	1
8	12.85329768	0
8	12.90864768	1
8	13.00864768	0
8	14.40554168	1
8	14.50554168	0
8	14.57316068	1
8	14.67316068	0
8	14.70486168	1
8	14.80486168	0
8	15.29152868	1
8	15.39152868	0
8	15.60282068	1
8	15.70282068	0
8	15.93805868	1
8	16.03805868	0
8	16.09962068	1
8	16.19962068	0
8	16.23737868	1
8	16.33316068	1
8	16.43316068	0
8	16.58878068	1
8	16.68878068	0
8	16.91982768	1
8	17.01982768	0
8	17.03955568	1
8	17.13955568	0
8	17.54241268	1
8	17.64241268	0
8	18.36853568	1
8	18.46853568	0
8	18.49050868	1
8	18.59050868	0
8	18.90731068	1
8	19.00731068	0
8	19.03901168	1
8	19.13901168	0
8	19.41016768	1
8	19.48200468	1
8	19.58200468	0
8	19.76935168	1
8	19.86935168	0
8	19.92499768	1
8	20.02499768	0
8	20.24826368	1
8	20.34826368	0
8	20.55240368	1
8	20.65240368	0
8	20.93071268	1
8	21.03071268	0
8	21.44554168	1
8	21.54554168	0
8	21.58921568	1
8	21.68921568	0
8	21.97234468	1
8	22.07234468	0
8	23.78023568	1
8	23.88023568	0
8	24.00771868	1
8	24.10771868	0
8	24.40282068	1
8	24.47465768	1
8	24.57465768	0
8	24.64227668	1
8	24.74227668	0
8	24.80989568	1
8	24.90989568	0
8	25.19302468	1
8	25.29302468	0
8	25.33669868	1
8	25.43669868	0
8	25.67193668	1
8	25.77193668	0
8	25.86350168	1
8	25.96350168	0
8	25.98322968	1
8	26.08322968	0
8	26.27057568	1
8	26.37057568	0
8	27.04880768	1
8	27.14880768	0
8	27.16853568	1
8	27.26853568	0
8	27.34812668	1
8	27.44812668	0
8	27.59955568	1
8	27.69955568	0
8	27.87492968	1
8	27.97071268	1
8	28.07071268	0
8	28.07846768	1
8	28.17846768	0
8	28.91656268	1
8	29.01656268	0
8	29.15601868	1
8	29.25601868	0
8	29.52717468	1
8	29.62717468	0
8	29.70676668	1
8	29.80676668	0
8	29.97016768	1
8	30.07016768	0
8	30.23356968	1
8	30.33356968	0
8	30.60134568	1
8	30.70134568	0
8	30.87189968	1
8	30.97189968	0
8	31.07166468	1
8	31.17166468	0
8	31.56254868	1
8	31.66254868	0
8	31.76500368	1
8	31.84989568	1
8	31.94989568	0
8	32.14921568	1
8	32.24921568	0
8	32.46050768	1
8	32.55502068	1
8	32.65502068	0
8	32.79574668	1
8	32.89574668	0
8	32.95139268	1
8	33.05139268	0
8	33.37043968	1
8	33.46622268	1
8	33.56622268	0
8	33.88526968	1
8	33.98526968	0
8	34.24679868	1
8	34.34679868	0
8	34.42404568	1
8	34.52404568	0
8	34.62758268	1
8	34.72758268	0
8	36.50731068	1
8	36.60731068	0
8	36.78268468	1
8	36.88268468	0
8	37.18975968	1
8	37.28975968	0
8	37.38132468	1
8	37.48132468	0
8	37.69563868	1
8	37.79563868	0
8	37.82431768	1
8	37.92431768	0
8	38.20744668	1
8	38.30744668	0
8	38.63846768	1
8	38.73846768	0
8	38.84414568	1
8	38.94414568	0
8	39.89560968	1
8	39.99560968	0
8	40.05125668	1
8	40.15125668	0
8	40.67384168	1
8	40.77384168	0
8	40.89738268	1
8	40.99738268	0
8	41.38023568	1
8	41.48023568	0
8	41.64335668	1
8	41.74335668	0
8	42.48531868	1
8	42.58531868	0
8	42.69526868	1
8	42.79526868	0
8	43.65506568	1
8	43.75506568	0
		1
8	43.78676668	1
8	43.88676668	0
8	44.02622268	1
8	44.09805868	1
8	44.19805868	0
8	44.37813868	1
8	44.47813868	0
8	44.50513368	1
8	44.60091668	1
8	44.70091668	0
8	44.98404568	1
8	45.08404568	0
8	45.14867568	1
8	45.19955568	1
8	45.29955568	0
8	45.61860368	1
8	45.71860368	0
8	46.21724268	1
8	46.31724268	0
8	46.37288868	1
8	46.46867168	1
8	46.56867168	0
8	47.09125668	1
8	47.19125668	0
8	47.47432668	1
8	47.57432668	0
8	48.13288868	1
8	48.23288868	0
8	48.81763268	1
8	48.91763268	0
8	49.19846768	1
8	49.29846768	0
8	49.41284968	1
8	49.50975968	1
8	49.60975968	0
8	49.68486368	1
8	49.78486368	0
8	50.09642668	1
8	50.19642668	0
8	51.05424968	1
8	51.15424968	0
8	51.25778668	1
8	51.35778668	0
8	51.42878868	1
8	51.52878868	0
8	51.71275268	1
8	51.81275268	0
8	52.07193668	1
8	52.17193668	0
8	52.32336568	1
8	52.38546568	1
8	52.48546568	0
8	52.67957768	1
8	52.77957768	0
8	53.07350368	1
8	53.17350368	0
8	53.44880768	1
8	53.54880768	0
8	53.58050768	1
8	53.68050768	0
8	53.68826368	1
8	53.78826368	0
8	54.20309268	1
8	54.30309268	0
8	54.44927568	1
8	54.54927568	0
8	54.90948768	1
8	55.00948768	0
8	55.06830168	1
8	55.16830168	0
8	55.29261668	1
8	55.39261668	0
8	55.54404568	1
8	55.64404568	0
8	55.66377368	1
8	55.76377368	0
8	55.85533768	1
8	55.95533768	0
8	56.19057568	1
8	56.29057568	0
8	56.36615368	1
8	56.44407368	1
8	56.54407368	0
9	0.432017422	1
9	0.532017422	0
9	1.046814784	1
9	1.146814784	0
9	1.198493784	1
9	1.298493784	0
9	1.394025784	1
9	1.494025784	0
9	1.753209784	1
9	1.853209784	0
9	2.133840784	1
9	2.233840784	0
9	2.351848784	1
9	2.451848784	0
9	2.709578784	1
9	2.789662784	1
9	2.889662784	0
9	3.118107784	1
9	3.218107784	0
9	3.441372784	1
9	3.531518784	1
9	3.620964784	1
9	3.720964784	0
9	3.980148784	1
9	4.080148784	0
9	4.470263784	1
9	4.570263784	0
9	4.591471784	1
9	4.691471784	0
9	5.488719784	1
9	5.584501784	1
9	5.684501784	0
9	5.805111784	1
9	5.905111784	0
9	5.991576784	1
9	6.091576784	0
9	6.219059784	1
9	6.319059784	0
9	6.747998784	1
9	6.847998784	0
9	7.069127784	1
9	7.169127784	0
9	7.308583784	1
9	7.408583784	0
9	7.957913784	1
9	8.057913784	0
9	8.266406784	1
9	8.366406784	0
9	8.711133784	1
9	8.810731784	1
9	8.876990784	1
9	8.976990784	0
9	9.320012784	1
9	9.420012784	0
9	10.15810778	1
9	10.25810778	0
9	10.32572678	1
9	10.42572678	0
9	10.61663678	1
9	10.71663678	0
9	10.82858378	1
9	10.92858378	0
9	11.00817578	1
9	11.10817578	0
9	11.41525078	1
9	11.51525078	0
9	11.95402578	1
9	12.03786078	1
9	12.13786078	0
9	12.30624978	1
9	12.40624978	0
9	12.89987678	1
9	12.99987678	0
9	13.70205278	1
9	13.80205278	0
9	13.92953578	1
9	14.02953578	0
9	14.31266578	1
9	14.41266578	0
9	14.48028478	1
9	14.58028478	0
9	14.91130478	1
9	15.01130478	0
9	15.13878778	1
9	15.23878778	0
9	15.58178078	1
9	15.67756378	1
9	15.77756378	0
9	16.27620278	1
9	16.37620278	0
9	16.70722278	1
9	16.80722278	0
9	16.85089678	1
9	16.95089678	0
9	17.19810778	1
9	17.29810778	0
9	17.30586278	1
9	17.40586278	0
9	17.65307378	1
9	17.75307378	0
9	18.37144078	1
9	18.47144078	0
9	18.70667878	1
9	18.80667878	0
9	19.52082878	1
9	19.62082878	0
9	19.65559478	1
9	19.73351478	1
9	19.83351478	0
9	20.02368578	1
9	20.12368578	0
9	20.39484178	1
9	20.49484178	0
9	20.77797178	1
9	20.87797178	0
9	21.01742778	1
9	21.11742778	0
9	21.42450178	1
9	21.52450178	0
9	21.60409378	1
9	21.70409378	0
9	21.75973978	1
9	21.85973978	0
9	21.92735978	1
9	22.02735978	0
9	22.18067778	1
9	22.28067778	0
9	22.33868078	1
9	22.43868078	0
9	22.54863078	1
9	22.64863078	0
9	23.23239378	1
9	23.33239378	0
9	23.42395778	1
9	23.52395778	0
9	23.55565878	1
9	23.65565878	0
9	23.67538678	1
9	23.77538678	0
9	23.79511478	1
9	23.89511478	0
9	24.07048878	1
9	24.17048878	0
9	24.21416178	1
9	24.31416178	0
9	24.58531878	1
9	24.68531878	0
9	25.07620278	1
9	25.17620278	0
9	25.49525078	1
9	25.59525078	0
9	25.69193578	1
9	25.74667878	1
9	25.84667878	0
9	26.12185278	1
9	26.22185278	0
9	26.23756378	1
9	26.33756378	0
9	26.68055678	1
9	26.78055678	0
9	27.87783578	1
9	27.97783578	0
9	27.98678578	1
9	28.08678578	0
9	28.16643278	1
9	28.26643278	0
9	28.28547678	1
9	28.38547678	0
9	28.64409378	1
9	28.74409378	0
9	29.25470578	1
9	29.35470578	0
9	29.45824378	1
9	29.55824378	0
9	29.60191678	1
9	29.70191678	0
9	29.74559078	1
9	29.84559078	0
9	30.14069278	1
9	30.24069278	0
9	30.46395778	1
9	30.56395778	0
9	30.60070978	1
9	30.66780778	1
9	30.76780778	0
9	31.05062478	1
9	31.15062478	0
9	31.44182278	1
9	31.54182278	0
9	32.34368578	1
9	32.44232778	1
9	32.52403678	1
9	32.62403678	0
9	32.97824378	1
9	33.07824378	0
9	33.36137278	1
9	33.46137278	0
9	33.49307378	1
9	33.59307378	0
9	34.04382178	1
9	34.14382178	0
9	34.21144078	1
9	34.31144078	0
9	34.37905978	1
9	34.47905978	0
9	34.78613478	1
9	34.88191678	1
9	34.98191678	0
9	36.83348178	1
9	36.93348178	0
9	37.27647478	1
9	37.37647478	0
9	37.53987678	1
9	37.63987678	0
9	37.86314178	1
9	37.96314178	0
9	38.05395178	1
9	38.15395178	0
9	38.40191678	1
9	38.50191678	0
9	38.76524378	1
9	38.86524378	0
9	39.51538678	1
9	39.61538678	0
9	39.71759178	1
9	39.81759178	0
9	40.16191678	1
9	40.26191678	0
9	40.52110078	1
9	40.62110078	0
9	40.62885578	1
9	40.72885578	0
9	41.07184878	1
9	41.17184878	0
9	41.65851578	1
9	41.75851578	0
9	41.83810778	1
9	41.93810778	0
9	42.28110078	1
9	42.38110078	0
9	42.48463778	1
9	42.58463778	0
9	42.92763178	1
9	43.02763178	0
9	43.77769978	1
9	43.87769978	0
9	43.92081278	1
9	44.02081278	0
9	44.31647478	1
9	44.41647478	0
9	44.49606678	1
9	44.59606678	0
9	45.05878778	1
9	45.12206978	1
9	45.22206978	0
9	45.41779278	1
9	45.51779278	0
9	45.59756378	1
9	45.69756378	0
9	45.99266578	1
9	46.09266578	0
9	46.52381478	1
9	46.62381478	0
9	46.69905978	1
9	46.79905978	0
9	47.22586278	1
9	47.32586278	0
9	48.21960378	1
9	48.31960378	0
9	48.97388978	1
9	49.07388978	0
9	49.95565878	1
9	50.05565878	0
9	50.35076078	1
9	50.45076078	0
9	50.84164478	1
9	50.94164478	0
9	51.40651578	1
9	51.50651578	0
9	51.57198478	1
9	51.67198478	0
9	51.83538678	1
9	51.93538678	0
9	52.20247578	1
9	52.30247578	0
9	53.83484178	1
9	53.93484178	0
9	54.08627078	1
9	54.18627078	0
9	54.39756378	1
9	54.49756378	0
9	55.04409378	1
9	55.14409378	0
9	55.42390078	1
9	55.52390078	0
9	55.53645078	1
9	55.63645078	0
10	1.051980798	1
10	1.151980798	0
10	1.160767	1
10	1.260767	0
10	1.308375	1
10	1.408375	0
10	2.14647	1
10	2.24647	0
10	2.787119	1
10	2.887119	0
10	3.069088	1
10	3.169088	0
10	3.670205	1
10	3.770205	0
10	3.810893	1
10	3.910893	0
10	4.110007	1
10	4.193817	1
10	4.293817	0
10	4.602269	1
10	4.702269	0
10	4.780483	1
10	4.880483	0
10	4.907454	1
10	5.004853	1
10	5.104853	0
10	6.456674	1
10	6.556674	0
10	6.616548	1
10	6.716548	0
10	6.895759	1
10	6.995759	0
10	7.007422	1
10	7.107422	0
10	7.246878	1
10	7.346878	0
10	8.24062	1
10	8.34062	0
10	8.396266	1
10	8.496266	0
10	8.575858	1
10	8.675858	0
10	8.851232	1
10	8.951232	0
10	9.078715	1
10	9.178715	0
10	9.354089	1
10	9.454089	0
10	9.737218	1
10	9.837218	0
10	10.371776	1
10	10.471776	0
10	10.52606	1
10	10.623205	1
10	10.723205	0
10	11.042252	1
10	11.142252	0
10	11.395356	1
10	11.495356	0
10	11.581028	1
10	11.681028	0
10	11.688783	1
10	11.788783	0
10	11.856402	1
10	11.956402	0
10	12.167694	1
10	12.267694	0
10	12.335313	1
10	12.435313	0
10	12.514905	1
10	12.614905	0
10	12.742388	1
10	12.842388	0
10	12.969871	1
10	13.069871	0
10	13.13749	1
10	13.23749	0
10	13.364973	1
10	13.464973	0
10	13.772048	1
10	13.872048	0
10	13.891776	1
10	13.991776	0
10	14.286878	1
10	14.386878	0
10	14.514361	1
10	14.598171	1
10	14.698171	0
10	14.933409	1
10	15.033409	0
10	15.376402	1
10	15.476402	0
10	15.670657	1
10	15.770657	0
10	15.891232	1
10	15.991232	0
10	16.214497	1
10	16.314497	0
10	17.782932	1
10	17.882932	0
10	18.166062	1
10	18.266062	0
10	18.513273	1
10	18.613273	0
10	18.728783	1
10	18.828783	0
10	19.075994	1
10	19.175994	0
10	19.363341	1
10	19.399259	1
10	19.499259	0
10	19.674633	1
10	19.774633	0
10	20.47681	1
10	20.57681	0
10	20.596538	1
10	20.696538	0
10	20.788103	1
10	20.888103	0
10	20.931776	1
10	21.031776	0
10	21.123341	1
10	21.223341	0
10	21.302932	1
10	21.402932	0
10	21.566334	1
10	21.638171	1
10	21.738171	0
10	21.978912	1
10	22.078912	0
10	22.200892	1
10	22.300892	0
10	23.18266	1
10	23.28266	0
10	23.370085	1
10	23.470085	0
10	23.69749	1
10	23.761846	1
10	23.861846	0
10	24.068647	1
10	24.168647	0
10	24.487694	1
10	24.587694	0
10	24.787014	1
10	24.887014	0
10	25.876538	1
10	25.976538	0
10	26.066158	1
10	26.126762	1
10	26.226762	0
10	26.511096	1
10	26.611096	0
10	26.894225	1
10	26.994225	0
10	27.063155	1
10	27.163155	0
10	27.528783	1
10	27.628783	0
10	27.755772	1
10	27.855772	0
10	28.127422	1
10	28.227422	0
10	28.24715	1
10	28.34715	0
10	29.169055	1
10	29.269055	0
10	29.291711	1
10	29.391711	0
10	29.444429	1
10	29.544429	0
10	29.8826	1
10	29.9826	0
10	30.043068	1
10	30.143068	0
10	30.641708	1
10	30.741708	0
10	30.917082	1
10	30.976946	1
10	31.076946	0
10	32.341844	1
10	32.441844	0
10	32.473545	1
10	32.573545	0
10	32.844701	1
10	32.944701	0
10	33.000347	1
10	33.09613	1
10	33.19613	0
10	33.347558	1
10	33.447558	0
10	33.479259	1
10	33.579259	0
10	33.802524	1
10	33.902524	0
10	35.200401	1
10	35.299123	1
10	35.399123	0
10	35.442796	1
10	35.542796	0
10	35.658307	1
10	35.758307	0
10	35.813953	1
10	35.913953	0
10	36.292864	1
10	36.392864	0
10	36.484429	1
10	36.568239	1
10	36.668239	0
10	36.915449	1
10	37.015449	0
10	37.035177	1
10	37.095041	1
10	37.195041	0
10	37.564513	1
10	37.664513	0
10	37.753545	1
10	37.853545	0
10	38.136674	1
10	38.236674	0
10	38.447966	1
10	38.547966	0
10	38.579667	1
10	38.679667	0
10	39.027666	1
10	39.127666	0
10	39.202252	1
10	39.302252	0
10	39.464076	1
10	39.564076	0
10	40.207966	1
10	40.307966	0
10	40.327694	1
10	40.427694	0
10	40.495313	1
10	40.595313	0
10	40.67832	1
10	40.77832	0
10	40.926334	1
10	41.026334	0
10	41.357354	1
10	41.457354	0
10	41.776402	1
10	41.876402	0
10	42.11164	1
10	42.21164	0
10	42.446878	1
10	42.546878	0
10	42.681776	1
10	42.758171	1
10	42.858171	0
10	43.835722	1
10	43.935722	0
10	44.265333	1
10	44.362524	1
10	44.462524	0
10	44.841436	1
10	44.941436	0
10	45.236538	1
10	45.336538	0
10	45.404157	1
10	45.504157	0
10	45.775313	1
10	45.875313	0
10	45.974426	1
10	46.074426	0
10	46.816946	1
10	46.916946	0
10	46.996538	1
10	47.096538	0
10	47.534175	1
10	47.634175	0
10	47.738851	1
10	47.838851	0
10	48.055802	1
10	48.155802	0
10	48.313545	1
10	48.413545	0
10	48.433273	1
10	48.533273	0
10	48.799561	1
10	48.899561	0
10	48.948103	1
10	49.048103	0
10	50.145381	1
10	50.245381	0
10	50.268403	1
10	50.368403	0
10	50.755994	1
10	50.839803	1
10	50.939803	0
10	51.132009	1
10	51.232009	0
10	51.606062	1
10	51.706062	0
10	51.737762	1
10	51.837762	0
10	51.905381	1
10	52.005381	0
10	52.204701	1
10	52.304701	0
10	52.324429	1
10	52.424429	0
10	52.468103	1
10	52.568103	0
10	53.330143	1
10	53.430143	0
10	53.535131	1
10	53.635131	0
10	53.868919	1
10	53.968919	0
10	54.037468	1
10	54.104375	1
10	54.204375	0
10	54.599259	1
10	54.697428	1
10	54.797428	0
10	55.030279	1
10	55.130279	0
10	55.413409	1
10	55.513409	0
10	56.347286	1
10	56.447286	0
10	56.497428	1
10	56.597428	0
10	56.646606	1
10	56.746606	0
10	56.802252	1
10	56.902252	0
10	56.993817	1
10	57.093817	0
10	57.245245	1
10	57.345245	0
10	57.353	1
10	57.453	0
10	57.460756	1
10	57.560756	0
10	57.843885	1
10	57.943885	0
10	58.204357	1
10	58.304357	0
10	58.670007	1
10	58.770007	0
10	58.874526	1
10	58.974526	0
10	59.124973	1
10	59.224973	0
10	59.244701	1
10	59.344701	0
10	59.448239	1
10	59.548239	0
10	59.855313	1
10	59.955313	0
10	60.430007	1
10	60.530007	0
10	60.784961	1
10	60.884961	0
11	0.27448538	1
11	0.37448538	0
11	0.489783265	1
11	0.589783265	0
11	0.701863265	1
11	0.801863265	0
11	1.064477265	1
11	1.164477265	0
11	1.279987265	1
11	1.379987265	0
11	1.615225265	1
11	1.715225265	0
11	2.130055265	1
11	2.230055265	0
11	2.369511265	1
11	2.453320265	1
11	2.553320265	0
11	3.578762265	1
11	3.678762265	0
11	3.695823265	1
11	3.795823265	0
11	3.866109265	1
11	3.966109265	0
11	4.201347265	1
11	4.301347265	0
11	4.333048265	1
11	4.433048265	0
11	4.895769265	1
11	4.979579265	1
11	5.079579265	0
11	5.303189265	1
11	5.403189265	0
11	5.494409265	1
11	5.594409265	0
11	5.650055265	1
11	5.733864265	1
11	5.833864265	0
11	5.865565265	1
11	5.965565265	0
11	6.188830265	1
11	6.272640265	1
11	6.356450265	1
11	6.456450265	0
11	7.278354265	1
11	7.378354265	0
11	7.393222265	1
11	7.493222265	0
11	7.505837265	1
11	7.605837265	0
11	7.685429265	1
11	7.785429265	0
11	7.875889265	1
11	7.975889265	0
11	9.194001265	1
11	9.294001265	0
11	9.325252265	1
11	9.425252265	0
11	9.469375265	1
11	9.569375265	0
11	9.660939265	1
11	9.760939265	0
11	9.828558265	1
11	9.928558265	0
11	10.29549727	1
11	10.39549727	0
11	10.74864127	1
11	10.84864127	0
11	10.94202827	1
11	11.04202827	0
11	11.12162027	1
11	11.22162027	0
11	12.16325227	1
11	12.25903527	1
11	12.35903527	0
11	12.56379227	1
11	12.66379227	0
11	12.84733227	1
11	12.94733227	0
11	13.14502127	1
11	13.24502127	0
11	13.46828627	1
11	13.56828627	0
11	13.72765427	1
11	13.82765427	0
11	13.87483527	1
11	13.97483527	0
11	16.28696427	1
11	16.38696427	0
11	16.54529327	1
11	16.64529327	0
11	16.65188127	1
11	16.75188127	0
11	17.00025927	1
11	17.10025927	0
11	17.33454727	1
11	17.43454727	0
		1
11	17.69468127	1
11	17.79468127	0
11	18.20817227	1
11	18.30817227	0
11	18.42677927	1
11	18.52677927	0
11	19.08352427	1
11	19.18352427	0
11	19.30694727	1
11	19.40694727	0
11	19.76597327	1
11	19.86597327	0
11	19.90000027	1
11	20.00000027	0
11	20.38855827	1
11	20.48855827	0
11	20.66404327	1
11	20.76404327	0
11	21.80822127	1
11	21.90822127	0
11	21.95540227	1
11	22.05540227	0
11	22.55711327	1
11	22.65711327	0
11	22.68048627	1
11	22.78048627	0
11	22.80385827	1
11	22.90385827	0
11	23.05060327	1
11	23.15060327	0
11	23.38175627	1
11	23.48175627	0
11	23.77055327	1
11	23.87055327	0
11	25.46502127	1
11	25.56502127	0
11	25.67877427	1
11	25.77877427	0
11	26.12352427	1
11	26.22352427	0
11	26.38692627	1
11	26.48692627	0
11	26.79400127	1
11	26.89400127	0
11	27.15318427	1
11	27.25318427	0
11	27.34890827	1
11	27.44890827	0
11	28.04368927	1
11	28.13459527	1
11	28.23459527	0
11	28.35046327	1
11	28.45046327	0
11	28.67372827	1
11	28.77372827	0
11	29.14066727	1
11	29.24066727	0
11	29.57962927	1
11	29.67962927	0
11	30.36189227	1
11	30.46189227	0
11	30.50952927	1
11	30.60952927	0
11	31.09223227	1
11	31.19223227	0
11	31.20863927	1
11	31.30863927	0
11	31.67889927	1
11	31.77889927	0
11	32.12189227	1
11	32.22189227	0
11	32.44382327	1
11	32.54382327	0
11	33.13957927	1
11	33.23957927	0
11	33.30719827	1
11	33.40719827	0
11	33.41495327	1
11	33.51495327	0
11	33.67835427	1
11	33.77835427	0
11	34.09880627	1
11	34.19880627	0
11	34.31291227	1
11	34.41291227	0
11	34.54251427	1
11	34.64251427	0
11	35.46230027	1
11	35.56230027	0
11	35.62991927	1
11	35.72991927	0
		1
11	35.98910327	1
11	36.08910327	0
11	36.43209627	1
11	36.53209627	0
11	36.74338827	1
11	36.82719827	1
11	36.92719827	0
11	37.29413727	1
11	37.39413727	0
11	37.40227927	1
11	37.50227927	0
11	37.64134727	1
11	37.74134727	0
11	38.03645027	1
11	38.13645027	0
11	38.14420527	1
11	38.24420527	0
11	38.44352427	1
11	38.54352427	0
11	38.86029927	1
11	38.96029927	0
11	39.36028127	1
11	39.46028127	0
11	39.47716127	1
11	39.53304827	1
11	39.63304827	0
11	39.81697627	1
11	39.91697627	0
11	39.95209627	1
11	40.05209627	0
11	40.41903527	1
11	40.51903527	0
11	40.62257227	1
11	40.72257227	0
11	40.81413727	1
11	40.91413727	0
11	41.15605227	1
11	41.25605227	0
11	41.62828627	1
11	41.72828627	0
11	42.80162027	1
11	42.90162027	0
11	42.93332027	1
11	43.03332027	0
11	43.19672227	1
11	43.29672227	0
11	43.73549727	1
11	43.83549727	0
11	44.15454527	1
11	44.25454527	0
		1
11	44.42991927	1
11	44.52991927	0
11	44.78418927	1
11	44.88418927	0
11	44.92080327	1
11	45.02080327	0
11	45.44760627	1
11	45.53141627	1
11	45.63141627	0
11	45.73495327	1
11	45.83495327	0
11	45.96243627	1
11	46.06243627	0
11	47.53087127	1
11	47.61445627	1
11	47.71445627	0
11	47.73785527	1
11	47.83785527	0
11	47.87808227	1
11	47.97808227	0
11	48.21969227	1
11	48.31969227	0
11	48.56600027	1
11	48.66600027	0
11	49.42094927	1
11	49.52094927	0
11	49.59019127	1
11	49.69019127	0
11	49.92542927	1
11	50.02542927	0
11	50.31621827	1
11	50.41621827	0
11	50.44025927	1
11	50.54025927	0
11	50.87127927	1
11	50.94311627	1
11	51.04311627	0
11	51.15862627	1
11	51.25862627	0
11	51.42202827	1
11	51.52202827	0
11	51.84107527	1
11	51.94107527	0
11	52.37985127	1
11	52.47985127	0
11	52.51428327	1
11	52.61428327	0
11	52.65522527	1
11	52.75522527	0
11	53.05558027	1
11	53.15558027	0
11	53.42148427	1
11	53.52148427	0
11	53.64896727	1
11	53.74896727	0
		1
11	53.79717427	1
11	53.89024527	1
11	53.99024527	0
11	54.21168827	1
11	54.31168827	0
11	54.51732527	1
11	54.61732527	0
11	55.33114927	1
11	55.43114927	0
12	0.229476225	1
12	0.329476225	0
12	0.504358225	1
12	0.604358225	0
12	0.658032225	1
12	0.758032225	0
12	0.974924225	1
12	1.074924225	0
12	1.266236225	1
12	1.366236225	0
12	1.441863225	1
12	1.515146225	1
12	1.615146225	0
12	1.801046225	1
12	1.901046225	0
12	2.220094225	1
12	2.320094225	0
12	2.687033225	1
12	2.787033225	0
12	2.794788225	1
12	2.894788225	0
12	2.926489225	1
12	3.026489225	0
12	3.293501225	1
12	3.393501225	0
12	3.561046225	1
12	3.644856225	1
12	3.744856225	0
12	4.698461225	1
12	4.798461225	0
12	4.925944225	1
12	5.025944225	0
12	5.309074225	1
12	5.409074225	0
12	5.883767225	1
12	5.983767225	0
12	6.135196225	1
12	6.235196225	0
12	6.460615225	1
12	6.560615225	0
12	6.605632225	1
12	6.705632225	0
12	6.759306225	1
12	6.841591225	1
12	6.941591225	0
12	7.215196225	1
12	7.315196225	0
12	7.643767225	1
12	7.743767225	0
12	8.613563225	1
12	8.713563225	0
12	8.733291225	1
12	8.833291225	0
12	9.008665225	1
12	9.108665225	0
12	9.116421225	1
12	9.216421225	0
12	9.686169225	1
12	9.786169225	0
12	9.997846225	1
12	10.09784623	0
12	10.76866522	1
12	10.86866522	0
12	11.02009422	1
12	11.12009422	0
12	11.58281522	1
12	11.68281522	0
12	11.93204022	1
12	12.03204022	0
12	12.06623522	1
12	12.16623522	0
12	14.03723722	1
12	14.13723722	0
12	14.85138722	1
12	14.95138722	0
12	14.97902622	1
12	15.07902622	0
12	15.12676122	1
12	15.22676122	0
12	15.36356422	1
12	15.46356422	0
12	15.84512822	1
12	15.94512822	0
12	16.09655722	1
12	16.19655722	0
12	16.51640022	1
12	16.61640022	0
12	16.62895022	1
12	16.72895022	0
12	16.79561122	1
12	16.89561122	0
12	16.92267922	1
12	17.02267922	0
12	17.18608022	1
12	17.28608022	0
12	17.35369922	1
12	17.45369922	0
12	17.58482322	1
12	17.68482322	0
12	18.06009422	1
12	18.16009422	0
12	18.17982222	1
12	18.27982222	0
12	18.36185322	1
12	18.46185322	0
12	18.65873322	1
12	18.75873322	0
12	18.76648922	1
12	18.86648922	0
12	19.66444822	1
12	19.76444822	0
12	19.79822922	1
12	19.89822922	0
12	19.92784922	1
12	20.02784922	0
12	20.05955022	1
12	20.15955022	0
12	20.31097822	1
12	20.41097822	0
12	20.45465222	1
12	20.55465222	0
12	20.63520822	1
12	20.73520822	0
12	21.61601222	1
12	21.71601222	0
12	21.75968622	1
12	21.85968622	0
12	21.96322322	1
12	22.06322322	0
12	22.27451622	1
12	22.37451622	0
12	22.50199922	1
12	22.60199922	0
12	22.60975422	1
12	22.70975422	0
12	23.48376722	1
12	23.58376722	0
12	23.69927822	1
12	23.79927822	0
12	24.01057022	1
12	24.11057022	0
12	24.23805322	1
12	24.29119422	1
12	24.35778122	1
12	24.45778122	0
12	24.52312722	1
12	24.62312722	0
12	24.77682922	1
12	24.87261122	1
12	24.97261122	0
12	25.60295122	1
12	25.70295122	0
12	25.73520622	1
12	25.83520622	0
12	25.88671622	1
12	25.98671622	0
12	26.00582122	1
12	26.04594422	1
12	26.14594422	0
12	26.27342722	1
12	26.37342722	0
12	26.52874722	1
12	26.62874722	0
12	28.09329122	1
12	28.19329122	0
12	28.36866522	1
12	28.46866522	0
12	28.62009422	1
12	28.72009422	0
12	28.73304122	1
12	28.83304122	0
12	29.23070622	1
12	29.33070622	0
12	30.29628522	1
12	30.38440322	1
12	30.48440322	0
12	30.59651722	1
12	30.69651722	0
12	31.20621622	1
12	31.30621622	0
12	31.35759122	1
12	31.45759122	0
12	32.59506022	1
12	32.69506022	0
12	32.88134922	1
12	32.98134922	0
12	33.90446822	1
12	34.00446822	0
12	34.20039122	1
12	34.30039122	0
12	35.41247022	1
12	35.51247022	0
12	35.71116122	1
12	35.81116122	0
12	35.81574022	1
12	35.91574022	0
12	36.16272222	1
12	36.26272222	0
12	36.28267922	1
12	36.35451622	1
12	36.45451622	0
12	36.64186322	1
12	36.71369922	1
12	36.81369922	0
12	36.85737322	1
12	36.95737322	0
12	37.14472022	1
12	37.24472022	0
12	37.28839322	1
12	37.38839322	0
12	37.62363122	1
12	37.72363122	0
12	37.84378222	1
12	37.94378222	0
12	38.04267922	1
12	38.14267922	0
12	38.19832522	1
12	38.29832522	0
12	38.36594422	1
12	38.46594422	0
12	39.52730522	1
12	39.62012722	1
12	39.72012722	0
12	39.79070622	1
12	39.89070622	0
12	39.97029822	1
12	40.07029822	0
12	40.22183822	1
12	40.32183822	0
12	40.96404022	1
12	41.03587622	1
12	41.13587622	0
12	41.34246222	1
12	41.44246222	0
12	41.45492422	1
12	41.55492422	0
12	41.64648922	1
12	41.74648922	0
12	42.05356322	1
12	42.12540022	1
12	42.22540022	0
12	42.44866522	1
12	42.54866522	0
12	43.71778122	1
12	43.81778122	0
12	43.87342722	1
12	43.97342722	0
12	43.99315522	1
12	44.09315522	0
12	44.34292322	1
12	44.44292322	0
		1
		1
12	44.65165922	1
12	44.75165922	0
12	45.22635322	1
12	45.32635322	0
12	45.67792422	1
12	45.77792422	0
12	45.89682922	1
12	45.99682922	0
12	46.06444822	1
12	46.16444822	0
12	46.32784922	1
12	46.42784922	0
		1
		1
		1
		1