passage	time	value
1	0.046	1
1	0.196	0
1	0.562721	1
1	0.712721	0
1	0.784543	1
1	0.934543	0
1	1.256929	1
1	1.352925	1
1	1.502925	0
1	1.616327	1
1	1.766327	0
1	2.310749	1
1	2.460749	0
1	2.799918	1
1	2.938712	1
1	3.088712	0
1	3.30449	1
1	3.45449	0
1	3.484082	1
1	3.634082	0
1	3.654596	1
1	3.804596	0
1	4.106667	1
1	4.256667	0
1	4.274286	1
1	4.398799	1
1	4.548799	0
1	4.785961	1
1	4.908844	1
1	5.034329	1
1	5.184329	0
1	5.435647	1
1	5.585647	0
1	5.890613	1
1	6.040613	0
1	6.051306	1
1	6.201306	0
1	7.147755	1
1	7.297755	0
1	7.380186	1
1	7.4995	1
1	7.6495	0
1	7.957925	1
1	8.107925	0
		1
1	8.261225	1
1	8.411225	0
1	8.560545	1
1	8.710545	0
1	8.776055	1
1	8.88381	1
1	9.03381	0
1	9.231021	1
1	9.31483	1
1	9.46483	0
1	9.709932	1
1	9.859932	0
1	9.961361	1
1	10.111361	0
1	10.811429	1
1	10.926947	1
1	11.014966	1
1	11.164966	0
1	11.29034	1
1	11.422041	1
1	11.572041	0
1	11.928449	1
1	12.033452	1
1	12.183452	0
1	12.882923	1
1	13.013482	1
1	13.163482	0
1	13.777672	1
1	13.927672	0
1	13.943927	1
1	14.093927	0
1	14.110704	1
1	14.226852	1
1	14.376852	0
1	14.407012	1
1	14.557012	0
1	14.726531	1
1	14.822313	1
1	14.972313	0
1	15.034115	1
1	15.184115	0
1	15.430794	1
1	15.580794	0
1	15.847213	1
1	15.997213	0
1	16.232225	1
1	16.382225	0
1	16.567652	1
1	16.717652	0
1	17.109154	1
1	17.259154	0
1	17.266659	1
1	17.416659	0
1	19.526536	1
1	19.676536	0
1	19.721958	1
1	19.871958	0
1	19.926131	1
1	20.076131	0
1	20.17415	1
1	20.32415	0
1	20.928436	1
1	21.024218	1
1	21.174218	0
1	21.269652	1
1	21.419652	0
1	21.50313	1
1	21.65313	0
1	22.165075	1
1	22.315075	0
1	22.413062	1
1	22.563062	0
1	22.641249	1
1	22.736327	1
1	22.886327	0
1	22.927891	1
1	23.077891	0
1	23.382857	1
1	23.51412	1
1	23.598368	1
1	23.748368	0
1	23.897687	1
1	24.047687	0
1	24.161089	1
1	24.311089	0
1	24.364626	1
1	24.483259	1
1	24.633259	0
1	24.735783	1
1	24.885783	0
1	25.059048	1
1	25.209048	0
1	25.541189	1
1	25.680794	1
1	25.830794	0
1	26.878912	1
1	27.028912	0
1	27.142313	1
1	27.292313	0
1	27.314162	1
1	27.464162	0
1	27.776871	1
1	27.884626	1
1	28.034626	0
1	28.255783	1
1	28.376346	1
1	28.526346	0
1	28.818504	1
1	28.968504	0
1	29.297415	1
1	29.447415	0
1	29.477007	1
1	29.608708	1
1	29.758708	0
1	29.872109	1
1	29.95905	1
1	30.10905	0
1	30.36463	1
1	30.458776	1
1	30.608776	0
1	30.840804	1
1	30.990804	0
1	31.021497	1
1	31.171497	0
1	31.177122	1
1	31.327122	0
1	31.512381	1
1	31.586956	1
1	31.736956	0
1	32.833264	1
1	32.983264	0
1	33.035638	1
1	33.185638	0
1	34.074558	1
1	34.190765	1
1	34.340765	0
1	34.565443	1
1	34.715443	0
1	34.972517	1
1	35.122517	0
1	35.140136	1
1	35.290136	0
1	35.511293	1
1	35.661293	0
1	35.945261	1
1	36.095261	0
1	36.157823	1
1	36.307823	0
1	36.564898	1
1	36.714898	0
1	36.768436	1
1	36.918436	0
1	38.468572	1
1	38.618572	0
1	38.632328	1
1	38.782328	0
1	38.80381	1
1	38.95381	0
1	39.174966	1
1	39.324966	0
1	39.468477	1
1	39.618477	0
1	40.04898	1
1	40.19898	0
1	40.773225	1
1	40.923225	0
1	40.934966	1
1	41.084966	0
1	41.820953	1
1	41.970953	0
1	42.042964	1
1	42.192964	0
1	42.204082	1
1	42.354082	0
1	42.611157	1
1	42.761157	0
1	42.802721	1
1	42.900757	1
1	43.050757	0
1	43.133433	1
1	43.283433	0
1	43.473198	1
1	43.623198	0
1	43.784524	1
1	43.934524	0
1	43.954431	1
1	44.059864	1
1	44.155647	1
1	44.305647	0
1	44.466939	1
1	44.616939	0
1	44.632655	1
1	44.782655	0
1	44.802177	1
1	44.909932	1
1	45.059932	0
1	45.258174	1
1	45.408174	0
1	45.496599	1
1	45.646599	0
1	45.689575	1
1	45.839575	0
1	46.805793	1
1	46.935658	1
1	47.085658	0
1	47.651701	1
1	47.771429	1
1	47.921429	0
1	48.307503	1
1	48.372361	1
1	48.522361	0
1	48.573606	1
		1
1	48.718395	1
1	48.868395	0
1	50.06082	1
1	50.180945	1
1	50.330945	0
1	50.361373	1
1	50.511373	0
1	50.602707	1
1	50.724997	1
1	50.874997	0
1	51.051973	1
1	51.201973	0
1	51.722449	1
1	51.818232	1
1	51.968232	0
1	52.213334	1
1	52.333062	1
1	52.483062	0
1	52.553259	1
1	52.703259	0
1	52.92836	1
1	53.07836	0
1	53.150214	1
1	53.300214	0
1	53.386667	1
1	53.536667	0
1	53.557126	1
1	53.707126	0
1	53.793742	1
1	53.943742	0
1	54.12898	1
1	54.27898	0
1	54.368436	1
1	54.518436	0
1	54.691701	1
1	54.823402	1
1	54.973402	0
1	55.050885	1
1	55.146667	1
1	55.296667	0
1	55.626219	1
1	55.734441	1
1	55.884441	0
1	55.885951	1
1	56.035951	0
1	56.195464	1
1	56.345464	0
1	56.439728	1
1	56.589728	0
2	0.479839572	1
2	0.592424402	1
2	0.742424402	0
2	0.810806402	1
2	0.912952402	1
2	1.062952402	0
2	1.415810402	1
2	1.565810402	0
2	1.918667402	1
2	2.068667402	0
2	2.385605402	1
2	2.535605402	0
2	2.557777402	1
2	2.707777402	0
2	3.211728402	1
2	3.361728402	0
2	3.431803402	1
2	3.581803402	0
2	3.595218402	1
2	3.745218402	0
2	3.790771402	1
2	3.940771402	0
2	4.384907402	1
2	4.534907402	0
2	5.637331402	1
2	5.747717402	1
2	5.897717402	0
2	6.073224402	1
2	6.223224402	0
2	6.286257402	1
2	6.436257402	0
2	6.887374402	1
2	6.992943402	1
2	7.142943402	0
2	7.150775402	1
2	7.300775402	0
2	7.541223402	1
2	7.691223402	0
2	8.467782402	1
2	8.617782402	0
2	8.946694402	1
2	9.096694402	0
2	9.365741402	1
2	9.515741402	0
2	9.557306402	1
2	9.696188402	1
2	9.846188402	0
2	10.1080544	1
2	10.2580544	0
2	10.3256874	1
2	10.4425664	1
2	10.5925664	0
2	10.8503674	1
2	11.0003674	0
2	11.3053334	1
2	11.3771704	1
2	11.5271704	0
2	12.1913204	1
2	12.3150514	1
2	12.4278374	1
2	12.5354954	1
2	12.6854954	0
2	12.9096874	1
2	13.0596874	0
2	13.3209554	1
2	13.4709554	0
2	13.7505944	1
2	13.8315924	1
2	13.9815924	0
2	14.2027484	1
2	14.3527484	0
2	14.3713834	1
2	14.5213834	0
2	14.7563734	1
2	14.8570194	1
2	15.0070194	0
2	15.2922724	1
2	15.4422724	0
2	15.8430204	1
2	15.9930204	0
2	16.1249724	1
2	16.1782584	1
2	16.3282584	0
2	16.5853334	1
2	16.7050614	1
2	16.8550614	0
2	16.9804354	1
2	17.1304354	0
2	17.1816424	1
2	17.3169194	1
2	17.4669194	0
2	18.0100954	1
2	18.1600954	0
2	18.2734974	1
2	18.4234974	0
2	18.6566264	1
2	18.8066264	0
2	18.8172454	1
2	18.9672454	0
2	20.0813884	1
2	20.2313884	0
2	20.2968984	1
2	20.4468984	0
2	20.5483274	1
2	20.6983274	0
2	20.9434294	1
2	21.0392114	1
2	21.1892114	0
2	21.4103674	1
2	21.5603674	0
2	21.8665724	1
2	22.0165724	0
2	22.4041094	1
2	22.5541094	0
2	22.5977474	1
2	22.7477474	0
2	23.5894154	1
2	23.7394154	0
2	23.8647894	1
2	24.0147894	0
2	24.2479184	1
2	24.3796194	1
2	24.5296194	0
2	24.6888614	1
2	24.7866944	1
2	24.9366944	0
2	24.9782584	1
2	25.1282584	0
2	25.1339054	1
2	25.2839054	0
2	25.4691434	1
2	25.6191434	0
2	25.6916714	1
2	25.7988114	1
2	25.9488114	0
2	26.1875104	1
2	26.3375104	0
2	26.5227484	1
2	26.6727484	0
2	26.8220684	1
2	26.9720684	0
2	27.1009914	1
2	27.2092134	1
2	27.3592134	0
2	28.6539054	1
2	28.8039054	0
2	28.8555384	1
2	29.0055384	0
2	29.2764904	1
2	29.4264904	0
2	29.8392114	1
2	29.9892114	0
2	30.1744494	1
2	30.3244494	0
2	30.3537254	1
2	30.5037254	0
2	30.7611164	1
2	30.9111164	0
2	31.1847124	1
2	31.3347124	0
2	31.7069664	1
2	31.8569664	0
2	31.9823404	1
2	32.1323404	0
2	32.3775904	1
2	32.5275904	0
2	33.1915924	1
2	33.3415924	0
2	33.4658944	1
2	33.5866944	1
2	33.6705034	1
2	33.8205034	0
2	34.0775784	1
2	34.2275784	0
2	34.2451974	1
2	34.3951974	0
2	34.4726804	1
2	34.5684634	1
2	34.7184634	0
2	34.7251894	1
2	34.8751894	0
2	34.9359684	1
2	35.0859684	0
2	36.4990384	1
2	36.5866974	1
2	36.7366974	0
2	36.9630204	1
2	37.1130204	0
2	37.1545854	1
2	37.3045854	0
2	37.3092894	1
2	37.4592894	0
2	37.6848174	1
2	37.8348174	0
2	37.8729524	1
2	38.0229524	0
2	38.0506054	1
2	38.1270404	1
2	38.2770404	0
2	38.5314564	1
2	38.6814564	0
2	38.7110484	1
2	38.8610484	0
2	39.0103674	1
2	39.1603674	0
2	39.6090074	1
2	39.7590074	0
2	39.7885994	1
2	39.9385994	0
2	40.0041094	1
2	40.1541094	0
2	40.2555374	1
2	40.4055374	0
2	40.8422044	1
2	40.9922044	0
2	41.4528164	1
2	41.6028164	0
2	41.7985404	1
2	41.9485404	0
2	42.7219324	1
2	42.8468034	1
2	42.9968034	0
2	43.2607074	1
2	43.4107074	0
2	43.4437824	1
2	43.5937824	0
2	43.6191014	1
2	43.6677824	1
2	43.8177824	0
2	44.2065584	1
2	44.2903674	1
2	44.4403674	0
2	44.5548144	1
2	44.7048144	0
2	44.8416004	1
2	44.9916004	0
2	45.3433954	1
2	45.4933954	0
2	45.8588034	1
2	46.0088034	0
2	46.1940414	1
2	46.3440414	0
2	46.4215244	1
2	46.5715244	0
2	46.6729524	1
2	46.8229524	0
2	47.1039734	1
2	47.2539734	0
2	47.4631564	1
2	47.6131564	0
		1
		1
		1
		1
2	47.6700554	1
2	47.7624764	1
2	47.9124764	0
2	48.1934974	1
2	48.3434974	0
2	48.5287354	1
2	48.6787354	0
2	50.2168984	1
2	50.3668984	0
2	50.5641094	1
2	50.6958104	1
2	50.8458104	0
2	50.9951294	1
2	51.1451294	0
2	51.1747214	1
2	51.3247214	0
2	51.5339054	1
2	51.6839054	0
2	52.1325444	1
2	52.1874444	1
2	52.3374444	0
2	52.4438374	1
2	52.5938374	0
2	52.6592904	1
2	52.8092904	0
2	52.9445924	1
2	53.0945924	0
2	54.0841094	1
2	54.2320244	1
2	54.3820244	0
2	54.3954014	1
2	54.5454014	0
2	54.5989394	1
2	54.7489394	0
2	55.1504224	1
2	55.3004224	0
2	55.3053334	1
2	55.4553334	0
2	55.6284084	1
2	55.7602994	1
2	55.9102994	0
2	55.9398914	1
2	56.0898914	0
2	56.1793474	1
2	56.3293474	0
2	56.8617964	1
2	56.9934974	1
2	57.1434974	0
2	57.2449254	1
2	57.3949254	0
2	57.6156304	1
2	57.7656304	0
2	57.8794834	1
2	58.0111844	1
2	58.1611844	0
2	58.1660754	1
2	58.3160754	0
2	58.5156304	1
2	58.6656304	0
2	58.6816604	1
2	58.8316604	0
2	58.8612524	1
2	59.0112524	0
2	59.1485994	1
2	59.2511584	1
2	59.4011584	0
2	59.6873744	1
2	59.8373744	0
3	0.478723402	1
3	0.628723402	0
3	0.986269787	1
3	1.136269787	0
3	1.201780787	1
3	1.351780787	0
3	1.501099787	1
3	1.604642787	1
3	1.754642787	0
3	1.836337787	1
3	1.986337787	0
3	2.183548787	1
3	2.315249787	1
3	2.465249787	0
3	2.602596787	1
3	2.752596787	0
3	2.842052787	1
3	2.961780787	1
3	3.111780787	0
3	3.143827787	1
3	3.293827787	0
3	3.332936787	1
3	3.482936787	0
3	3.716065787	1
3	3.866065787	0
3	4.506269787	1
3	4.611587787	1
3	4.721780787	1
3	4.871780787	0
3	4.889399787	1
3	5.039399787	0
3	5.057018787	1
3	5.207018787	0
3	5.308446787	1
3	5.446654787	1
3	5.596654787	0
3	5.695563787	1
3	5.845563787	0
3	7.200147787	1
3	7.350147787	0
3	7.403684787	1
3	7.553684787	0
3	7.667086787	1
3	7.817086787	0
3	7.913297787	1
3	8.026269787	1
3	8.110079787	1
3	8.260079787	0
3	8.487551787	1
3	8.565045787	1
3	8.667198787	1
3	8.817198787	0
3	9.522868787	1
3	9.672868787	0
3	9.679748787	1
3	9.829748787	0
3	10.07361679	1
3	10.20531779	1
3	10.33701879	1
3	10.46871879	1
3	10.61871879	0
3	10.80395679	1
3	10.95395679	0
3	10.97157679	1
3	11.12157679	0
3	11.55766779	1
3	11.70766779	0
3	11.76178079	1
3	11.91178079	0
3	14.07252879	1
3	14.22252879	0
3	14.32043479	1
3	14.47043479	0
3	14.47960379	1
3	14.62960379	0
3	14.75497779	1
3	14.90497779	0
3	15.00640579	1
3	15.15640579	0
3	15.24713779	1
3	15.39713779	0
3	15.78066979	1
3	15.90436579	1
3	16.05436579	0
3	16.37130379	1
3	16.52130379	0
3	16.54214579	1
3	16.69214579	0
3	16.72362579	1
3	16.87362579	0
3	16.91007979	1
3	17.06007979	0
3	18.27497779	1
3	18.42497779	0
3	18.45456979	1
3	18.60456979	0
3	18.69402479	1
3	18.84402479	0
3	18.96623079	1
3	19.05320879	1
3	19.20320879	0
3	19.47225679	1
3	19.62225679	0
3	19.63987579	1
3	19.78987579	0
3	19.80749479	1
3	19.89130379	1
3	19.98708679	1
3	20.13708679	0
3	20.45402479	1
3	20.52586179	1
3	20.67586179	0
3	20.72939979	1
3	20.87939979	0
3	21.66327679	1
3	21.80789779	1
3	21.95789779	0
3	22.00702479	1
3	22.15702479	0
3	22.57196479	1
3	22.72196479	0
3	23.11249479	1
3	23.26249479	0
3	24.33320879	1
3	24.46490979	1
3	24.54871879	1
3	24.69239279	1
3	24.84239279	0
3	25.04467379	1
3	25.19467379	0
3	25.78191679	1
3	25.90463179	1
3	26.05463179	0
3	26.10518179	1
3	26.25518179	0
3	27.24259679	1
3	27.39259679	0
3	27.42218879	1
3	27.57218879	0
3	27.57783479	1
3	27.72783479	0
3	27.76956379	1
3	27.91956379	0
3	27.93701879	1
3	28.03280079	1
3	28.18280079	0
3	28.35606579	1
3	28.45184879	1
3	28.60184879	0
3	28.70327679	1
3	28.85327679	0
3	28.87089579	1
3	29.02089579	0
3	29.17021579	1
3	29.24205279	1
3	29.39205279	0
3	29.61320879	1
3	29.76320879	0
		1
3	30.41538579	1
3	30.56538579	0
3	30.57975079	1
3	30.72975079	0
3	30.75062379	1
3	30.90062379	0
3	31.20558979	1
3	31.28939979	1
3	31.43939979	0
3	31.48191579	1
3	31.60636979	1
3	31.75636979	0
3	31.94790279	1
3	32.09790279	0
3	32.11244379	1
3	32.21130379	1
3	32.30183079	1
3	32.45183079	0
3	32.80994379	1
3	32.89375279	1
3	33.04375279	0
3	33.09729079	1
3	33.24729079	0
3	33.31280079	1
3	33.46280079	0
3	33.74353779	1
3	33.89353779	0
3	35.74327679	1
3	35.89327679	0
3	36.53985379	1
3	36.68985379	0
3	36.69745379	1
3	36.84745379	0
3	37.12014779	1
3	37.25262979	1
3	37.40262979	0
3	37.91008579	1
3	38.06008579	0
3	38.25314779	1
3	38.40314779	0
3	38.52478379	1
3	38.58082779	1
3	38.73082779	0
3	38.85445579	1
3	39.00445579	0
3	39.05973979	1
3	39.20973979	0
3	39.34469879	1
3	39.40695079	1
3	39.55695079	0
3	39.61048779	1
3	39.76048779	0
3	39.88586179	1
3	40.03586179	0
3	40.47252879	1
3	40.55633779	1
3	40.70633779	0
3	41.02327679	1
3	41.17327679	0
3	41.27470579	1
3	41.42470579	0
3	42.67552179	1
3	42.82552179	0
3	43.00499679	1
3	43.15499679	0
3	43.52558979	1
3	43.66323679	1
3	43.76783279	1
3	43.91783279	0
3	43.95661079	1
3	44.10661079	0
3	44.25592979	1
3	44.37565779	1
3	44.51420779	1
3	44.66420779	0
3	45.42502979	1
3	45.57502979	0
3	45.72658979	1
3	45.81239279	1
3	45.96239279	0
3	46.00234879	1
3	46.11171279	1
3	46.26171279	0
3	46.32722279	1
3	46.47722279	0
3	46.81303279	1
3	46.96303279	0
3	47.10374579	1
3	47.24876179	1
3	47.39876179	0
3	47.52689079	1
3	47.67689079	0
3	47.68014779	1
3	47.82382079	1
3	47.97382079	0
3	48.07625279	1
3	48.22625279	0
3	48.25484179	1
3	48.36628679	1
3	48.51628679	0
3	48.66191679	1
3	48.74572579	1
3	48.86911379	1
3	49.01911379	0
3	50.01484179	1
3	50.16484179	0
3	50.24312279	1
3	50.39312279	0
3	50.42191679	1
3	50.57191679	0
3	50.68426379	1
3	50.83426379	0
3	51.08674579	1
3	51.23674579	0
3	52.75661079	1
3	52.90661079	0
3	53.76232479	1
3	53.91232479	0
3	54.89973979	1
3	55.04973979	0
3	55.98926379	1
3	56.08979379	1
3	56.15689079	1
3	56.30689079	0
3	56.43225679	1
3	56.58225679	0
3	57.00927379	1
3	57.15927379	0
3	57.28232479	1
3	57.43232479	0
3	57.45149679	1
3	57.59651379	1
3	57.74651379	0
3	58.81484179	1
3	58.96484179	0
3	58.99095979	1
3	59.14095979	0
3	59.42545379	1
3	59.57545379	0
3	59.71888679	1
3	59.86888679	0
3	59.94028379	1
3	60.09028379	0
3	60.45575679	1
3	60.56654879	1
3	60.64667879	1
3	60.79667879	0
3	61.05375279	1
3	61.20375279	0
3	61.26926379	1
3	61.41926379	0
3	61.59139379	1
3	61.74139379	0
3	62.07143979	1
3	62.22143979	0
3	62.26300479	1
3	62.41300479	0
3	62.53837879	1
3	62.68837879	0
		1
4	0.398385787	1
4	0.548385787	0
4	0.689427631	1
4	0.839427631	0
4	0.840937631	1
4	0.990937631	0
4	1.126349631	1
4	1.276349631	0
4	1.542891631	1
4	1.692891631	0
4	1.772879631	1
4	1.844716631	1
4	1.994716631	0
4	2.251791631	1
4	2.347573631	1
4	2.485197631	1
4	2.635197631	0
4	3.125805631	1
4	3.275805631	0
4	3.353288631	1
4	3.473015631	1
4	3.623015631	0
4	3.808254631	1
4	3.958254631	0
4	3.990834631	1
4	4.140834631	0
4	4.155464631	1
4	4.305464631	0
4	4.632185631	1
4	4.782185631	0
4	5.077369631	1
4	5.227369631	0
4	5.460498631	1
4	5.610498631	0
4	5.903492631	1
4	6.053492631	0
4	6.262675631	1
4	6.346485631	1
4	6.496485631	0
4	7.172607631	1
4	7.253283631	1
4	7.388559631	1
4	7.538559631	0
4	7.699410631	1
4	7.849410631	0
4	8.094512631	1
4	8.244512631	0
4	8.250158631	1
4	8.400158631	0
4	8.465668631	1
4	8.615668631	0
4	8.860771631	1
4	9.010771631	0
4	9.219954631	1
4	9.339682631	1
4	9.489682631	0
4	9.567165631	1
4	9.717165631	0
4	9.794648631	1
4	9.926349631	1
4	10.07634963	0
4	10.08199563	1
4	10.23199563	0
4	10.51044763	1
4	10.60879863	1
4	10.72852663	1
4	10.87852663	0
4	11.11381763	1
4	11.26381763	0
4	11.74621363	1
4	11.89621363	0
4	11.95457563	1
4	12.06387963	1
4	12.21387963	0
4	12.28498863	1
4	12.43498863	0
4	12.44063463	1
4	12.59063463	0
4	12.64462563	1
4	12.75192763	1
4	12.90192763	0
4	13.24281163	1
4	13.39281163	0
4	13.47324963	1
4	13.62324963	0
4	14.23655363	1
4	14.38655363	0
4	14.41614563	1
4	14.56614563	0
4	14.85699863	1
4	15.00699863	0
4	15.11056663	1
4	15.19437663	1
4	15.34437663	0
4	15.75709763	1
4	15.90709763	0
4	15.93668963	1
4	16.08668963	0
4	16.09233563	1
4	16.24233563	0
4	16.27192763	1
4	16.42192763	0
4	16.43954663	1
4	16.58322063	1
4	16.73322063	0
4	16.77246763	1
4	16.92246763	0
4	17.08607763	1
4	17.23607763	0
4	17.28976663	1
4	17.43976663	0
4	18.00798163	1
4	18.15798163	0
4	18.31422063	1
4	18.42702963	1
4	18.57702963	0
4	18.61859463	1
4	18.76859463	0
4	18.79818563	1
4	18.94818563	0
4	19.31301563	1
4	19.38505963	1
4	19.53505963	0
4	19.67375863	1
4	19.78522663	1
4	19.93522663	0
4	20.63002263	1
4	20.78002263	0
4	21.12090763	1
4	21.27090763	0
4	21.36644463	1
4	21.43219963	1
4	21.58219963	0
4	21.71954663	1
4	21.81532863	1
4	21.96532863	0
4	22.11464863	1
4	22.26464863	0
4	23.18022663	1
4	23.33022663	0
4	23.34784563	1
4	23.49784563	0
4	23.51076263	1
4	23.65036763	1
4	23.80036763	0
4	24.00634963	1
4	24.15634963	0
4	24.17712863	1
4	24.32712863	0
4	24.82182563	1
4	24.94022663	1
4	25.09022663	0
4	25.57799163	1
4	25.70940763	1
4	25.77832263	1
4	25.92832263	0
4	26.11436663	1
4	26.26436663	0
4	27.16716563	1
4	27.31716563	0
4	27.59113663	1
4	27.74113663	0
4	28.00526063	1
4	28.15526063	0
		1
		1
4	28.35477763	1
4	28.50477763	0
4	28.68770963	1
4	28.83770963	0
4	28.84335663	1
4	28.99335663	0
4	29.40607763	1
4	29.55607763	0
4	30.17233563	1
4	30.31600963	1
4	30.46600963	0
4	30.89070263	1
4	31.04070263	0
4	31.93233563	1
4	32.08233563	0
		1
4	32.08798163	1
4	32.23798163	0
4	32.31546463	1
4	32.43519263	1
4	32.55492063	1
4	32.70492063	0
4	32.89015863	1
4	33.04015863	0
4	33.27328863	1
4	33.42328863	0
4	33.70494363	1
4	33.81316563	1
4	33.96316563	0
4	35.16498863	1
4	35.31498863	0
4	35.61995463	1
4	35.76995463	0
4	35.85941063	1
4	36.00941063	0
4	36.26648563	1
4	36.41648563	0
4	37.59546463	1
4	37.73208963	1
4	37.88208963	0
4	38.12817963	1
4	38.24181263	1
4	38.39181263	0
4	38.40054563	1
4	38.55054563	0
4	38.79274363	1
4	38.94274363	0
4	39.11600963	1
4	39.26600963	0
4	39.35546463	1
4	39.50546463	0
4	39.88226763	1
4	40.03226763	0
4	40.07216363	1
4	40.22216363	0
4	41.04362863	1
4	41.19362863	0
4	41.40281163	1
4	41.55281163	0
4	41.69015863	1
4	41.80957263	1
4	41.92961463	1
4	42.07961463	0
4	42.24090763	1
4	42.33668963	1
4	42.48668963	0
4	42.57203263	1
4	42.72203263	0
4	42.72981063	1
4	42.87981063	0
4	43.04308363	1
4	43.15083963	1
4	43.30083963	0
4	43.66566863	1
4	43.81566863	0
4	43.83328863	1
4	43.98328863	0
4	44.10866263	1
4	44.25233563	1
4	44.40233563	0
4	44.41995463	1
4	44.56995463	0
4	44.81505663	1
4	44.96505663	0
4	46.10811763	1
4	46.25192363	1
4	46.40192363	0
4	47.24553263	1
4	47.39553263	0
4	47.56879863	1
4	47.71879863	0
4	48.95285963	1
4	49.10285963	0
4	49.10869863	1
4	49.25869863	0
4	49.35274363	1
4	49.50274363	0
4	49.69995463	1
4	49.84995463	0
4	49.96335663	1
4	50.09505663	1
4	50.24505663	0
4	50.44226763	1
4	50.56199563	1
4	50.71199563	0
4	50.76290263	1
4	50.91290263	0
4	51.24444463	1
4	51.39444463	0
4	51.45995463	1
4	51.60995463	0
4	51.92689363	1
4	52.06513863	1
4	52.20226763	1
4	52.35226763	0
4	52.37652063	1
4	52.48961463	1
4	52.63961463	0
4	52.87317663	1
4	52.97145863	1
4	53.12145863	0
4	53.21995463	1
4	53.33968263	1
4	53.48968263	0
4	53.61505663	1
4	53.76505663	0
4	55.17151963	1
4	55.23582963	1
4	55.38582963	0
4	55.40110663	1
4	55.55110663	0
4	55.60253963	1
4	55.75253963	0
4	55.77015863	1
4	55.92015863	0
4	55.92580563	1
4	56.07580563	0
4	56.21315163	1
4	56.36315163	0
4	56.38657763	1
4	56.53657763	0
4	56.57233563	1
4	56.72233563	0
4	56.73995463	1
4	56.88995463	0
4	56.96743763	1
4	57.03927463	1
4	57.11111163	1
4	57.26111163	0
4	57.60199563	1
4	57.75199563	0
4	57.86539663	1
4	57.99709763	1
4	58.14709763	0
4	59.03873063	1
4	59.18873063	0
4	59.37396863	1
4	59.52396863	0
4	60.03247163	1
4	60.18247163	0
4	60.27228563	1
4	60.42228563	0
4	60.51457663	1
4	60.62911563	1
4	60.77911563	0
4	61.23515563	1
4	61.38515563	0
4	61.40908963	1
4	61.55908963	0
4	63.22920663	1
4	63.28054363	1
4	63.43054363	0
4	63.46866263	1
4	63.61866263	0
4	63.74156763	1
4	63.80390063	1
4	63.95390063	0
4	64.32668563	1
4	64.41084863	1
4	64.56084863	0
4	64.56802363	1
4	64.71802363	0
4	65.36036263	1
4	65.51036263	0
4	65.79138363	1
4	65.94138363	0
4	66.51241563	1
4	66.65526763	1
4	66.73779663	1
4	66.85223063	1
4	67.00223063	0
4	67.25244963	1
4	67.40244963	0
4	67.44362863	1
4	67.59362863	0
4	67.65913863	1
4	67.80913863	0
4	68.03985163	1
4	68.15456663	1
4	68.26278763	1
4	68.41278763	0
4	68.43736963	1
4	68.58736963	0
4	68.59301563	1
4	68.74301563	0
4	68.76063463	1
4	68.91063463	0
4	69.12991863	1
4	69.27991863	0
5	0.561145631	1
5	0.689847173	1
5	0.839847173	0
5	0.936113173	1
5	1.086113173	0
5	1.115705173	1
5	1.265705173	0
5	1.618562173	1
5	1.768562173	0
5	1.858018173	1
5	2.008018173	0
5	2.107547173	1
5	2.220976173	1
5	2.312984173	1
5	2.462984173	0
5	2.528494173	1
5	2.648222173	1
5	2.798222173	0
5	2.847481173	1
5	2.997481173	0
5	4.108902173	1
5	4.258902173	0
5	4.527950173	1
5	4.666011173	1
5	4.803324173	1
5	4.953324173	0
5	5.126589173	1
5	5.261374173	1
5	5.371760173	1
5	5.521760173	0
5	6.383732173	1
5	6.533732173	0
5	6.833959173	1
5	6.910535173	1
5	7.060535173	0
5	7.113220173	1
5	7.263220173	0
5	7.305637173	1
5	7.437338173	1
5	7.587338173	0
5	7.704109173	1
5	7.854109173	0
5	7.877263173	1
5	8.027263173	0
5	9.664277173	1
5	9.814277173	0
5	10.26291617	1
5	10.41291617	0
5	10.81366417	1
5	10.96366417	0
5	11.98699817	1
5	12.13699817	0
5	12.15461717	1
5	12.30461717	0
5	12.32223617	1
5	12.47223617	0
5	12.71894017	1
5	12.86894017	0
5	13.01979617	1
5	13.13638517	1
5	13.28638517	0
5	13.45965117	1
5	13.60965117	0
5	13.66318817	1
5	13.81318817	0
5	14.08223617	1
5	14.23223617	0
5	14.32169217	1
5	14.47169217	0
5	14.64495717	1
5	14.79495717	0
5	15.19176917	1
5	15.34176917	0
5	16.79702417	1
5	16.94702417	0
5	17.12403517	1
5	17.27403517	0
5	17.31648717	1
5	17.46648717	0
5	17.64764417	1
5	17.79764417	0
5	17.80577317	1
5	17.95577317	0
5	18.18890217	1
5	18.33890217	0
5	18.56005917	1
5	18.71005917	0
5	18.92607117	1
5	19.00305217	1
5	19.15305217	0
5	19.31350417	1
5	19.46350417	0
5	20.90959317	1
5	21.05959317	0
5	21.25590217	1
5	21.40590217	0
5	21.48749517	1
5	21.59138817	1
5	21.74138817	0
5	23.12299917	1
5	23.22256217	1
5	23.37256217	0
5	23.45848517	1
5	23.56870017	1
5	23.64895517	1
5	23.79895517	0
5	24.04359617	1
5	24.15261217	1
5	24.30261217	0
5	24.61147117	1
5	24.73801817	1
5	24.88801817	0
5	25.07249417	1
5	25.18504417	1
5	25.33504417	0
5	25.48033117	1
5	25.63033117	0
5	26.76141917	1
5	26.91141917	0
5	27.09665817	1
5	27.24665817	0
5	27.26427717	1
5	27.41427717	0
5	27.51271417	1
5	27.59951517	1
5	27.74951517	0
5	27.92278017	1
5	28.03053517	1
5	28.13829017	1
5	28.28829017	0
5	28.47352817	1
5	28.62352817	0
5	28.66509317	1
5	28.81509317	0
5	29.01230417	1
5	29.16230417	0
5	29.89829017	1
5	30.04829017	0
5	30.06590917	1
5	30.10182817	1
5	30.25182817	0
5	30.34671017	1
5	30.49671017	0
5	30.73638517	1
5	30.82019517	1
5	30.97019517	0
5	30.97584117	1
5	31.12584117	0
5	31.20165917	1
5	31.26007417	1
5	31.34018317	1
5	31.49018317	0
5	31.75407217	1
5	31.90407217	0
5	31.96958317	1
5	32.06536517	1
5	32.21536517	0
5	32.33718017	1
5	32.48718017	0
5	32.58019517	1
5	32.65203217	1
5	32.80203217	0
5	33.74155517	1
5	33.84931117	1
5	33.99931117	0
5	34.00050617	1
5	34.10073917	1
5	34.25073917	0
5	34.37743117	1
5	34.52743117	0
5	34.69127317	1
5	34.74727017	1
5	34.89727017	0
5	35.16631717	1
5	35.25538517	1
5	35.40538517	0
5	36.35162417	1
5	36.50162417	0
5	36.51924317	1
5	36.62699817	1
5	36.77699817	0
5	37.15380017	1
5	37.30380017	0
5	37.40522917	1
5	37.55522917	0
5	37.79375817	1
5	37.86302017	1
5	38.01302017	0
5	39.51244017	1
5	39.66244017	0
5	39.71597717	1
5	39.86597717	0
5	39.96740617	1
5	40.11740617	0
5	40.43434517	1
5	40.58434517	0
5	40.82944717	1
5	40.94917517	1
5	41.09917517	0
5	41.15271217	1
5	41.30271217	0
5	41.40025117	1
5	41.55025117	0
5	42.38590917	1
5	42.53590917	0
5	42.55092317	1
5	42.70092317	0
5	42.81693017	1
5	42.96693017	0
5	43.00849417	1
5	43.15849417	0
5	43.42754217	1
5	43.57754217	0
5	43.58318817	1
5	43.73318817	0
5	44.13393617	1
5	44.21774617	1
5	44.27761017	1
5	44.42761017	0
5	44.64876617	1
5	44.79876617	0
5	44.91805217	1
5	45.06805217	0
5	45.09176017	1
5	45.24176017	0
5	45.91788217	1
5	46.06006617	1
5	46.21006617	0
5	46.48862317	1
5	46.63862317	0
5	46.68414117	1
5	46.83414117	0
5	47.54618117	1
5	47.66590917	1
5	47.81590917	0
5	48.07298417	1
5	48.22298417	0
5	48.30372817	1
5	48.45372817	0
5	49.13856217	1
5	49.28856217	0
5	49.29685017	1
5	49.44685017	0
5	50.07342517	1
5	50.22342517	0
5	50.22493517	1
5	50.37493517	0
5	50.54743517	1
5	50.69743517	0
5	50.72426417	1
5	50.87426417	0
5	51.94933017	1
5	52.06188017	1
5	52.15258617	1
5	52.30258617	0
5	52.55080717	1
5	52.68250817	1
5	52.83250817	0
5	52.86210017	1
5	53.01210017	0
5	53.06778617	1
5	53.20374417	1
5	53.35374417	0
5	53.68822217	1
5	53.83822217	0
5	54.05937917	1
5	54.20937917	0
5	54.89747417	1
5	55.04747417	0
5	55.07706617	1
5	55.22706617	0
5	55.27152717	1
5	55.40033117	1
5	55.55033117	0
5	55.61174417	1
5	55.76174417	0
5	55.97502517	1
5	56.12502517	0
5	56.19053517	1
5	56.33420917	1
5	56.48420917	0
5	56.54971917	1
5	56.69971917	0
5	56.80114717	1
5	56.95114717	0
5	57.93856217	1
5	58.08856217	0
5	58.13012717	1
5	58.28012717	0
5	58.35761017	1
5	58.50128317	1
5	58.65128317	0
5	58.71679417	1
5	58.86679417	0
5	58.93230417	1
5	59.08230417	0
5	59.36332417	1
5	59.51332417	0
5	59.68658917	1
5	59.83658917	0
5	59.85420917	1
5	60.00420917	0
5	60.03380017	1
5	60.18380017	0
5	60.41693017	1
5	60.56693017	0
5	60.81203217	1
5	60.91978717	1
5	61.06978717	0
5	61.26699817	1
5	61.38672617	1
5	61.53672617	0
5	61.59026317	1
5	61.74026317	0
5	61.75788217	1
5	61.90788217	0
5	62.17693017	1
5	62.32693017	0
5	62.51541617	1
5	62.64386817	1
5	62.79386817	0
5	62.95516117	1
5	63.10516117	0
5	63.13475317	1
5	63.28475317	0
5	63.94890217	1
		1
5	64.08588317	1
5	64.23588317	0
5	64.54754217	1
5	64.69121517	1
5	64.84121517	0
5	64.85883417	1
5	65.00883417	0
5	65.31380017	1
5	65.46380017	0
6	0.323245298	1
6	0.473245298	0
6	0.568708743	1
6	0.718708743	0
6	1.039808743	1
6	1.189808743	0
6	1.422937743	1
6	1.572937743	0
6	1.590556743	1
6	1.730401743	1
6	1.880401743	0
6	2.380761743	1
6	2.530761743	0
6	2.600501743	1
6	2.750501743	0
6	2.847699743	1
6	2.997699743	0
6	3.206883743	1
6	3.356883743	0
6	3.379041743	1
6	3.529041743	0
6	3.534880743	1
6	3.684880743	0
6	4.739400743	1
6	4.889400743	0
6	4.967131743	1
6	5.117131743	0
6	5.972597743	1
6	6.122597743	0
6	6.738856743	1
6	6.888856743	0
6	7.229740743	1
6	7.379740743	0
6	7.529060743	1
6	7.679060743	0
6	7.756543743	1
6	7.906543743	0
6	8.211509743	1
6	8.361509743	0
6	8.566976743	1
6	8.654502743	1
6	8.804502743	0
6	8.917903743	1
6	9.013686743	1
6	9.163686743	0
6	9.469543743	1
6	9.612325743	1
6	9.762325743	0
6	9.839808743	1
6	9.989808743	0
6	10.90538674	1
6	11.05538674	0
6	11.07300574	1
6	11.14484274	1
6	11.29484274	0
6	11.48008074	1
6	11.63008074	0
6	11.67207674	1
6	11.82207674	0
6	13.28797174	1
6	13.43797174	0
6	13.68307374	1
6	13.83307374	0
6	13.85069374	1
6	14.00069374	0
6	14.05370274	1
6	14.13803974	1
6	14.28803974	0
6	14.35355074	1
6	14.50355074	0
6	15.04797174	1
6	15.19797174	0
6	15.20361874	1
6	15.35361874	0
6	15.37123774	1
6	15.52123774	0
6	15.73042074	1
6	15.88042074	0
6	15.93395874	1
6	16.07763174	1
6	16.22130574	1
6	16.37130574	0
6	16.55654374	1
6	16.69133574	1
6	16.74810774	1
6	16.89810774	0
6	18.05314174	1
6	18.20314174	0
6	18.26865274	1
6	18.41865274	0
6	18.55599974	1
6	18.70599974	0
6	18.87926474	1
6	19.01096574	1
6	19.08280174	1
6	19.22870174	1
6	19.37870174	0
6	19.48987674	1
6	19.63987674	0
6	19.88497874	1
6	20.03497874	0
6	20.95055674	1
6	21.10055674	0
6	21.44144174	1
6	21.58511474	1
6	21.73511474	0
6	21.83654374	1
6	21.98654374	0
6	22.18375474	1
6	22.33375474	0
6	22.45912874	1
6	22.60912874	0
6	23.41695174	1
6	23.54865274	1
6	23.62048874	1
6	23.77048874	0
6	23.90783574	1
6	24.05783574	0
6	24.24307374	1
6	24.37477474	1
6	24.52477474	0
6	24.74547574	1
6	24.86565874	1
6	25.01565874	0
6	25.26076174	1
6	25.41076174	0
6	25.79953674	1
6	25.94953674	0
6	26.09885674	1
6	26.24885674	0
6	27.21232574	1
6	27.36232574	0
6	27.36797174	1
6	27.51797174	0
6	27.53559074	1
6	27.68559074	0
6	27.73374674	1
6	27.79899274	1
6	27.94899274	0
6	28.20606774	1
6	28.28987674	1
6	28.40175074	1
6	28.55175074	0
6	29.27164574	1
6	29.42164574	0
6	29.58293774	1
6	29.73293774	0
6	29.81042074	1
6	29.96042074	0
6	30.22946874	1
6	30.37946874	0
6	30.39708774	1
6	30.50484274	1
6	30.65484274	0
6	31.00769974	1
6	31.15769974	0
6	31.18729174	1
6	31.33729174	0
6	31.45069374	1
6	31.60069374	0
6	31.81344474	1
6	31.92960474	1
6	32.07960474	0
6	32.19300574	1
6	32.30076174	1
6	32.45076174	0
6	32.52554174	1
6	32.67191774	1
6	32.82191774	0
6	33.06599374	1
6	33.21599374	0
6	33.22616174	1
6	33.34239374	1
6	33.49239374	0
6	33.62874474	1
6	33.70157774	1
6	33.85157774	0
6	34.63545474	1
6	34.78545474	0
6	34.88114474	1
6	35.03114474	0
6	35.05450274	1
6	35.20450274	0
6	35.33567474	1
6	35.47355074	1
6	35.62355074	0
6	36.08416274	1
6	36.21586374	1
6	36.36586374	0
6	36.47340974	1
6	36.59766974	1
6	36.72226874	1
6	36.87226874	0
6	37.65259774	1
6	37.80259774	0
6	37.85613574	1
6	38.00613574	0
6	38.02375474	1
6	38.17375474	0
6	38.35899274	1
6	38.50899274	0
6	38.77555674	1
6	38.90974074	1
6	39.02946874	1
6	39.17946874	0
6	39.22103374	1
6	39.37103374	0
6	39.52035274	1
6	39.59218974	1
6	39.74218974	0
6	40.35844874	1
6	40.50212174	1
6	40.60987674	1
6	40.75987674	0
6	40.98103374	1
6	41.13103374	0
6	41.20851674	1
6	41.35851674	0
6	41.43599974	1
6	41.58599974	0
6	41.75926474	1
6	41.90926474	0
6	41.92688374	1
6	42.06820674	1
6	42.21820674	0
6	43.01640774	1
6	43.16640774	0
6	43.25586374	1
6	43.40586374	0
6	43.55518274	1
6	43.70518274	0
6	44.05803974	1
6	44.17776774	1
6	44.23832374	1
6	44.38832374	0
6	44.72851674	1
6	44.87851674	0
6	45.13559074	1
6	45.28559074	0
6	45.55463874	1
6	45.70463874	0
6	45.87790374	1
6	46.02790374	0
6	46.06946874	1
6	46.21946874	0
6	46.30892474	1
6	46.45892474	0
6	46.69205374	1
6	46.84205374	0
6	46.88361874	1
6	46.99137374	1
6	47.14137374	0
6	47.26674774	1
6	47.36252974	1
6	47.51252974	0
6	47.79355074	1
6	47.94355074	0
6	48.09286974	1
6	48.24286974	0
6	48.30838074	1
6	48.44008074	1
6	48.59008074	0
6	49.61341474	1
6	49.76341474	0
6	49.79300574	1
6	49.91273374	1
6	50.06273374	0
6	50.40361874	1
6	50.55361874	0
6	50.58770274	1
6	50.73770274	0
6	50.91844874	1
6	50.99028474	1
6	51.14028474	0
6	51.88824474	1
6	52.03824474	0
6	52.05586374	1
6	52.20586374	0
6	52.23545474	1
6	52.38352774	1
6	52.53352774	0
6	52.61858474	1
6	52.76858474	0
6	53.51654374	1
6	53.64538874	1
6	53.79538874	0
6	53.85178174	1
6	54.00178174	0
6	54.21382874	1
6	54.30674774	1
6	54.45674774	0
6	54.46057374	1
6	54.61057374	0
6	54.71382274	1
6	54.79763174	1
6	54.94763174	0
6	54.95327874	1
6	55.10327874	0
6	55.24062474	1
6	55.39062474	0
6	55.46810774	1
6	55.61810774	0
6	55.86321074	1
6	55.94456674	1
6	56.09456674	0
6	56.17450274	1
6	56.32334174	1
6	56.47334174	0
6	56.61749574	1
6	56.76749574	0
6	57.04851674	1
6	57.19851674	0
6	57.40769974	1
6	57.55769974	0
6	58.34157774	1
6	58.49157774	0
6	58.54511474	1
6	58.69511474	0
6	58.85640774	1
6	59.00640774	0
6	59.41912874	1
6	59.56912874	0
6	59.70647574	1
6	59.77831274	1
6	59.92831274	0
6	60.64035274	1
6	60.79035274	0
6	61.19110174	1
6	61.34110174	0
6	61.38266574	1
6	61.53266574	0
6	61.56225774	1
6	61.71225774	0
6	61.82565874	1
6	61.97565874	0
6	62.10103374	1
6	62.25103374	0
6	62.26865274	1
6	62.41865274	0
6	62.43627174	1
6	62.58627174	0
6	62.66375474	1
6	62.81375474	0
7	0.586736359	1
7	0.736736359	0
7	1.179532195	1
7	1.329532195	0
7	1.418988195	1
7	1.568988195	0
7	1.694362195	1
7	1.844362195	0
7	2.051148195	1
7	2.201148195	0
7	2.304974195	1
7	2.454974195	0
7	2.747968195	1
7	2.897968195	0
7	2.999396195	1
7	3.149396195	0
7	3.370553195	1
7	3.520553195	0
7	4.256539195	1
7	4.406539195	0
7	4.460076195	1
7	4.610076195	0
7	4.711505195	1
7	4.795315195	1
7	4.945315195	0
7	5.274226195	1
7	5.424226195	0
7	6.507423195	1
7	6.639124195	1
7	6.789124195	0
7	6.806743195	1
7	6.956743195	0
7	7.201845195	1
7	7.351845195	0
7	7.440325195	1
7	7.590325195	0
7	7.668784195	1
7	7.818784195	0
7	7.974939195	1
7	8.068009195	1
7	8.218009195	0
7	8.494906195	1
7	8.644906195	0
7	8.937900195	1
7	9.087900195	0
7	9.835859195	1
7	9.985859195	0
7	10.03939619	1
7	10.18939619	0
7	10.56619919	1
7	10.71619919	0
7	11.02116519	1
7	11.17116519	0
7	11.60783219	1
7	11.75150519	1
7	11.90150519	0
7	11.92477219	1
7	12.05082519	1
7	12.20082519	0
7	12.30225319	1
7	12.45225319	0
7	12.69735519	1
7	12.84735519	0
7	12.86497419	1
7	13.01497419	0
7	13.03259319	1
7	13.12837619	1
7	13.20021319	1
7	13.35021319	0
7	13.55939619	1
7	13.65517919	1
7	13.75074419	1
7	13.90074419	0
7	15.16375019	1
7	15.29534219	1
7	15.44534219	0
7	15.87014419	1
7	16.02014419	0
7	16.21522319	1
7	16.32511019	1
7	16.47511019	0
7	16.79204919	1
7	16.92948519	1
7	17.07948519	0
7	17.13926019	1
7	17.28926019	0
7	17.50658319	1
7	17.59422619	1
7	17.69000819	1
7	17.84000819	0
7	17.96538319	1
7	18.11538319	0
7	18.18089319	1
7	18.33089319	0
7	18.33653919	1
7	18.48653919	0
7	19.29436219	1
7	19.43644819	1
7	19.57064319	1
7	19.72064319	0
7	19.88102919	1
7	20.03102919	0
7	20.14443019	1
7	20.25218519	1
7	20.40218519	0
7	20.40783219	1
7	20.55783219	0
7	20.60956819	1
7	20.75956819	0
7	20.92266119	1
7	21.07266119	0
7	21.19803619	1
7	21.32973619	1
7	21.47973619	0
7	22.42431519	1
7	22.57431519	0
7	22.98273719	1
7	23.13273719	0
7	23.13762719	1
7	23.22143719	1
7	23.37143719	0
7	23.65245719	1
7	23.80245719	0
7	23.97572319	1
7	24.12572319	0
7	24.33490619	1
7	24.48490619	0
7	24.56238919	1
7	24.71238919	0
7	24.86931419	1
7	25.01931419	0
7	25.22428019	1
7	25.32304019	1
7	25.47304019	0
7	25.63994019	1
7	25.78994019	0
7	26.17871619	1
7	26.32871619	0
7	26.40619919	1
7	26.55619919	0
7	26.64565519	1
7	26.79565519	0
7	26.83721919	1
7	26.98721919	0
7	27.26824019	1
7	27.41824019	0
7	28.32184519	1
7	28.47184519	0
7	28.52538319	1
7	28.67538319	0
7	28.97931419	1
7	29.12931419	0
7	29.14796819	1
7	29.28449919	1
7	29.37540519	1
7	29.52540519	0
7	29.71068919	1
7	29.86068919	0
7	30.23749119	1
7	30.38749119	0
7	30.57369419	1
7	30.72369419	0
7	31.08755919	1
7	31.23755919	0
7	31.47068919	1
7	31.62068919	0
7	32.57218519	1
7	32.72218519	0
7	32.77572319	1
7	32.92572319	0
7	33.15885219	1
7	33.24266119	1
7	33.39266119	0
7	33.56592719	1
7	33.71592719	0
7	33.94905619	1
7	34.09905619	0
7	34.20832419	1
7	34.32021319	1
7	34.39204919	1
7	34.54204919	0
7	35.06252519	1
7	35.21252519	0
7	35.24211719	1
7	35.37381819	1
7	35.52381819	0
7	35.55341019	1
7	35.70341019	0
7	36.15204919	1
7	36.30204919	0
7	36.60701519	1
7	36.75701519	0
7	36.81055319	1
7	36.96055319	0
7	38.83395419	1
7	38.98395419	0
7	39.28013419	1
7	39.43013419	0
7	39.71994019	1
7	39.80375019	1
7	39.95375019	0
7	40.31858019	1
7	40.46858019	0
7	40.55803619	1
7	40.70803619	0
		1
7	40.83341019	1
7	40.93295319	1
7	41.08295319	0
7	41.19259319	1
7	41.34259319	0
7	41.54468219	1
7	41.59966819	1
7	41.74966819	0
7	42.04266119	1
7	42.19266119	0
7	43.41953219	1
7	43.56953219	0
7	43.64701519	1
7	43.79701519	0
7	43.91041719	1
7	44.06041719	0
7	44.25762719	1
7	44.40762719	0
7	44.42524719	1
7	44.53300219	1
7	44.68300219	0
7	44.85626719	1
7	45.00626719	0
7	45.89790019	1
7	46.04790019	0
7	46.13735519	1
7	46.28735519	0
7	46.50851219	1
7	46.65851219	0
7	46.96347819	1
7	47.11347819	0
7	47.13082219	1
7	47.28082219	0
7	47.40647119	1
7	47.55647119	0
7	47.68184519	1
7	47.75368219	1
7	47.90368219	0
7	48.65164119	1
7	48.80164119	0
7	48.95096119	1
7	49.10096119	0
7	49.12994919	1
7	49.27994919	0
7	49.98056919	1
7	50.13056919	0
7	50.33980419	1
7	50.48980419	0
7	50.57926019	1
7	50.72926019	0
7	50.86934519	1
7	51.01934519	0
7	52.20755919	1
7	52.35123319	1
7	52.50123319	0
7	52.58276819	1
7	52.73276819	0
7	53.05762719	1
7	53.15341019	1
7	53.30341019	0
7	53.34497419	1
7	53.49497419	0
7	53.50062119	1
7	53.62034919	1
7	53.77034919	0
7	53.79994019	1
7	53.94994019	0
7	54.19504219	1
7	54.34504219	0
7	54.66198119	1
7	54.81198119	0
7	54.84157319	1
7	54.99157319	0
7	55.27451119	1
7	55.42451119	0
7	55.67966819	1
7	55.82966819	0
7	56.01490619	1
7	56.16490619	0
7	56.32619919	1
7	56.47619919	0
7	56.68538319	1
7	56.82905619	1
7	56.97905619	0
7	57.17626719	1
7	57.32626719	0
7	57.79885219	1
7	57.90660719	1
7	58.05660719	0
7	58.22987219	1
7	58.37987219	0
7	58.51721919	1
7	58.66721919	0
7	59.98987219	1
7	60.12157319	1
7	60.27157319	0
7	60.30116519	1
7	60.45116519	0
7	60.55259319	1
7	60.70259319	0
7	60.74593719	1
7	60.89593719	0
7	61.01953219	1
7	61.16953219	0
7	61.17517919	1
7	61.29490619	1
7	61.44490619	0
7	61.67583719	1
7	61.82583719	0
7	61.84565519	1
7	61.96538319	1
7	62.11538319	0
8	0.342	1
8	0.453316684	1
8	0.603316684	0
8	0.696698684	1
8	0.846698684	0
8	0.960099684	1
8	1.067854684	1
8	1.217854684	0
8	1.391120684	1
8	1.541120684	0
8	1.582684684	1
8	1.732684684	0
8	1.785899684	1
8	1.935899684	0
8	2.504589684	1
8	2.654589684	0
8	2.779963684	1
8	2.929963684	0
8	3.043431684	1
8	3.193431684	0
8	4.204725684	1
8	4.289338684	1
8	4.439338684	0
8	4.480099684	1
8	4.630099684	0
8	4.671664684	1
8	4.821664684	0
8	4.839283684	1
8	4.989283684	0
8	5.279842684	1
8	5.429842684	0
8	5.629487684	1
8	5.779487684	0
8	5.928807684	1
8	6.078807684	0
8	6.240099684	1
8	6.311936684	1
8	6.461936684	0
8	7.545133684	1
8	7.676834684	1
8	7.826834684	0
8	7.856426684	1
8	7.964181684	1
8	8.114181684	0
8	8.251528684	1
8	8.335337684	1
8	8.485337684	0
8	8.486719684	1
8	8.636719684	0
8	8.780278684	1
8	8.930278684	0
8	8.957922684	1
8	9.083297684	1
8	9.137514684	1
8	9.287514684	0
8	10.53833168	1
8	10.64608668	1
8	10.79608668	0
8	10.96554568	1
8	11.10105268	1
8	11.25105268	0
8	11.74758268	1
8	11.89758268	0
8	11.94114868	1
8	12.09114868	0
8	12.09754168	1
8	12.24754168	0
8	12.40608668	1
8	12.55608668	0
8	12.57370568	1
8	12.72370568	0
8	12.75329768	1
8	12.90329768	0
8	12.90864768	1
8	13.05864768	0
8	14.40554168	1
8	14.55554168	0
8	14.57316068	1
8	14.70486168	1
8	14.85486168	0
8	15.29152868	1
8	15.44152868	0
8	15.60282068	1
8	15.75282068	0
8	15.93805868	1
8	16.08805868	0
8	16.09962068	1
8	16.23737868	1
8	16.33316068	1
8	16.48316068	0
8	16.58878068	1
8	16.73878068	0
8	16.91982768	1
8	17.03955568	1
8	17.18955568	0
8	17.54241268	1
8	17.69241268	0
8	18.36853568	1
8	18.49050868	1
8	18.64050868	0
8	18.90731068	1
8	19.03901168	1
8	19.18901168	0
8	19.41016768	1
8	19.48200468	1
8	19.63200468	0
8	19.76935168	1
8	19.91935168	0
8	19.92499768	1
8	20.07499768	0
8	20.24826368	1
8	20.39826368	0
8	20.55240368	1
8	20.70240368	0
8	20.93071268	1
8	21.08071268	0
8	21.44554168	1
8	21.58921568	1
8	21.73921568	0
8	21.97234468	1
8	22.12234468	0
8	23.78023568	1
8	23.93023568	0
8	24.00771868	1
8	24.15771868	0
8	24.40282068	1
8	24.47465768	1
8	24.62465768	0
8	24.64227668	1
8	24.79227668	0
8	24.80989568	1
8	24.95989568	0
8	25.19302468	1
8	25.33669868	1
8	25.48669868	0
8	25.67193668	1
8	25.82193668	0
8	25.86350168	1
8	25.98322968	1
8	26.13322968	0
8	26.27057568	1
8	26.42057568	0
8	27.04880768	1
8	27.16853568	1
8	27.31853568	0
8	27.34812668	1
8	27.49812668	0
8	27.59955568	1
8	27.74955568	0
8	27.87492968	1
8	27.97071268	1
8	28.07846768	1
8	28.22846768	0
8	28.91656268	1
8	29.06656268	0
8	29.15601868	1
8	29.30601868	0
8	29.52717468	1
8	29.67717468	0
8	29.70676668	1
8	29.85676668	0
8	29.97016768	1
8	30.12016768	0
8	30.23356968	1
8	30.38356968	0
8	30.60134568	1
8	30.75134568	0
8	30.87189968	1
8	31.02189968	0
8	31.07166468	1
8	31.22166468	0
8	31.56254868	1
8	31.71254868	0
8	31.76500368	1
8	31.84989568	1
8	31.99989568	0
8	32.14921568	1
8	32.29921568	0
8	32.46050768	1
8	32.55502068	1
8	32.70502068	0
8	32.79574668	1
8	32.94574668	0
8	32.95139268	1
8	33.10139268	0
8	33.37043968	1
8	33.46622268	1
8	33.61622268	0
8	33.88526968	1
8	34.03526968	0
8	34.24679868	1
8	34.39679868	0
8	34.42404568	1
8	34.57404568	0
8	34.62758268	1
8	34.77758268	0
8	36.50731068	1
8	36.65731068	0
8	36.78268468	1
8	36.93268468	0
8	37.18975968	1
8	37.33975968	0
8	37.38132468	1
8	37.53132468	0
8	37.69563868	1
8	37.82431768	1
8	37.97431768	0
8	38.20744668	1
8	38.35744668	0
8	38.63846768	1
8	38.78846768	0
8	38.84414568	1
8	38.99414568	0
8	39.89560968	1
8	40.04560968	0
8	40.05125668	1
8	40.20125668	0
8	40.67384168	1
8	40.82384168	0
8	40.89738268	1
8	41.04738268	0
8	41.38023568	1
8	41.53023568	0
8	41.64335668	1
8	41.79335668	0
8	42.48531868	1
8	42.63531868	0
8	42.69526868	1
8	42.84526868	0
8	43.65506568	1
8	43.80506568	0
		1
8	43.78676668	1
8	43.93676668	0
8	44.02622268	1
8	44.09805868	1
8	44.24805868	0
8	44.37813868	1
8	44.50513368	1
8	44.60091668	1
8	44.75091668	0
8	44.98404568	1
8	45.13404568	0
8	45.14867568	1
8	45.19955568	1
8	45.34955568	0
8	45.61860368	1
8	45.76860368	0
8	46.21724268	1
8	46.36724268	0
8	46.37288868	1
8	46.46867168	1
8	46.61867168	0
8	47.09125668	1
8	47.24125668	0
8	47.47432668	1
8	47.62432668	0
8	48.13288868	1
8	48.28288868	0
8	48.81763268	1
8	48.96763268	0
8	49.19846768	1
8	49.34846768	0
8	49.41284968	1
8	49.50975968	1
8	49.65975968	0
8	49.68486368	1
8	49.83486368	0
8	50.09642668	1
8	50.24642668	0
8	51.05424968	1
8	51.20424968	0
8	51.25778668	1
8	51.40778668	0
8	51.42878868	1
8	51.57878868	0
8	51.71275268	1
8	51.86275268	0
8	52.07193668	1
8	52.22193668	0
8	52.32336568	1
8	52.38546568	1
8	52.53546568	0
8	52.67957768	1
8	52.82957768	0
8	53.07350368	1
8	53.22350368	0
8	53.44880768	1
8	53.58050768	1
8	53.68826368	1
8	53.83826368	0
8	54.20309268	1
8	54.35309268	0
8	54.44927568	1
8	54.59927568	0
8	54.90948768	1
8	55.05948768	0
8	55.06830168	1
8	55.21830168	0
8	55.29261668	1
8	55.44261668	0
8	55.54404568	1
8	55.66377368	1
8	55.81377368	0
8	55.85533768	1
8	56.00533768	0
8	56.19057568	1
8	56.34057568	0
8	56.36615368	1
8	56.44407368	1
8	56.59407368	0
9	0.432017422	1
9	0.582017422	0
9	1.046814784	1
9	1.196814784	0
9	1.198493784	1
9	1.348493784	0
9	1.394025784	1
9	1.544025784	0
9	1.753209784	1
9	1.903209784	0
9	2.133840784	1
9	2.283840784	0
9	2.351848784	1
9	2.501848784	0
9	2.709578784	1
9	2.789662784	1
9	2.939662784	0
9	3.118107784	1
9	3.268107784	0
9	3.441372784	1
9	3.531518784	1
9	3.620964784	1
9	3.770964784	0
9	3.980148784	1
9	4.130148784	0
9	4.470263784	1
9	4.591471784	1
9	4.741471784	0
9	5.488719784	1
9	5.584501784	1
9	5.734501784	0
9	5.805111784	1
9	5.955111784	0
9	5.991576784	1
9	6.141576784	0
9	6.219059784	1
9	6.369059784	0
9	6.747998784	1
9	6.897998784	0
9	7.069127784	1
9	7.219127784	0
9	7.308583784	1
9	7.458583784	0
9	7.957913784	1
9	8.107913784	0
9	8.266406784	1
9	8.416406784	0
9	8.711133784	1
9	8.810731784	1
9	8.876990784	1
9	9.026990784	0
9	9.320012784	1
9	9.470012784	0
9	10.15810778	1
9	10.30810778	0
9	10.32572678	1
9	10.47572678	0
9	10.61663678	1
9	10.76663678	0
9	10.82858378	1
9	10.97858378	0
9	11.00817578	1
9	11.15817578	0
9	11.41525078	1
9	11.56525078	0
9	11.95402578	1
9	12.03786078	1
9	12.18786078	0
9	12.30624978	1
9	12.45624978	0
9	12.89987678	1
9	13.04987678	0
9	13.70205278	1
9	13.85205278	0
9	13.92953578	1
9	14.07953578	0
9	14.31266578	1
9	14.46266578	0
9	14.48028478	1
9	14.63028478	0
9	14.91130478	1
9	15.06130478	0
9	15.13878778	1
9	15.28878778	0
9	15.58178078	1
9	15.67756378	1
9	15.82756378	0
9	16.27620278	1
9	16.42620278	0
9	16.70722278	1
9	16.85089678	1
9	17.00089678	0
9	17.19810778	1
9	17.30586278	1
9	17.45586278	0
9	17.65307378	1
9	17.80307378	0
9	18.37144078	1
9	18.52144078	0
9	18.70667878	1
9	18.85667878	0
9	19.52082878	1
9	19.65559478	1
9	19.73351478	1
9	19.88351478	0
9	20.02368578	1
9	20.17368578	0
9	20.39484178	1
9	20.54484178	0
9	20.77797178	1
9	20.92797178	0
9	21.01742778	1
9	21.16742778	0
9	21.42450178	1
9	21.57450178	0
9	21.60409378	1
9	21.75409378	0
9	21.75973978	1
9	21.90973978	0
9	21.92735978	1
9	22.07735978	0
9	22.18067778	1
9	22.33067778	0
9	22.33868078	1
9	22.48868078	0
9	22.54863078	1
9	22.69863078	0
9	23.23239378	1
9	23.38239378	0
9	23.42395778	1
9	23.55565878	1
9	23.67538678	1
9	23.79511478	1
9	23.94511478	0
9	24.07048878	1
9	24.21416178	1
9	24.36416178	0
9	24.58531878	1
9	24.73531878	0
9	25.07620278	1
9	25.22620278	0
9	25.49525078	1
9	25.64525078	0
9	25.69193578	1
9	25.74667878	1
9	25.89667878	0
9	26.12185278	1
9	26.23756378	1
9	26.38756378	0
9	26.68055678	1
9	26.83055678	0
9	27.87783578	1
9	27.98678578	1
9	28.13678578	0
9	28.16643278	1
9	28.28547678	1
9	28.43547678	0
9	28.64409378	1
9	28.79409378	0
9	29.25470578	1
9	29.40470578	0
9	29.45824378	1
9	29.60191678	1
9	29.74559078	1
9	29.89559078	0
9	30.14069278	1
9	30.29069278	0
9	30.46395778	1
9	30.60070978	1
9	30.66780778	1
9	30.81780778	0
9	31.05062478	1
9	31.20062478	0
9	31.44182278	1
9	31.59182278	0
9	32.34368578	1
9	32.44232778	1
9	32.52403678	1
9	32.67403678	0
9	32.97824378	1
9	33.12824378	0
9	33.36137278	1
9	33.49307378	1
9	33.64307378	0
9	34.04382178	1
9	34.19382178	0
9	34.21144078	1
9	34.36144078	0
9	34.37905978	1
9	34.52905978	0
9	34.78613478	1
9	34.88191678	1
9	35.03191678	0
9	36.83348178	1
9	36.98348178	0
9	37.27647478	1
9	37.42647478	0
9	37.53987678	1
9	37.68987678	0
9	37.86314178	1
9	38.01314178	0
9	38.05395178	1
9	38.20395178	0
9	38.40191678	1
9	38.55191678	0
9	38.76524378	1
9	38.91524378	0
9	39.51538678	1
9	39.66538678	0
9	39.71759178	1
9	39.86759178	0
9	40.16191678	1
9	40.31191678	0
9	40.52110078	1
9	40.62885578	1
9	40.77885578	0
9	41.07184878	1
9	41.22184878	0
9	41.65851578	1
9	41.80851578	0
9	41.83810778	1
9	41.98810778	0
9	42.28110078	1
9	42.43110078	0
9	42.48463778	1
9	42.63463778	0
9	42.92763178	1
9	43.07763178	0
9	43.77769978	1
9	43.92081278	1
9	44.07081278	0
9	44.31647478	1
9	44.46647478	0
9	44.49606678	1
9	44.64606678	0
9	45.05878778	1
9	45.12206978	1
9	45.27206978	0
9	45.41779278	1
9	45.56779278	0
9	45.59756378	1
9	45.74756378	0
9	45.99266578	1
9	46.14266578	0
9	46.52381478	1
9	46.67381478	0
9	46.69905978	1
9	46.84905978	0
9	47.22586278	1
9	47.37586278	0
9	48.21960378	1
9	48.36960378	0
9	48.97388978	1
9	49.12388978	0
9	49.95565878	1
9	50.10565878	0
9	50.35076078	1
9	50.50076078	0
9	50.84164478	1
9	50.99164478	0
9	51.40651578	1
9	51.55651578	0
9	51.57198478	1
9	51.72198478	0
9	51.83538678	1
9	51.98538678	0
9	52.20247578	1
9	52.35247578	0
9	53.83484178	1
9	53.98484178	0
9	54.08627078	1
9	54.23627078	0
9	54.39756378	1
9	54.54756378	0
9	55.04409378	1
9	55.19409378	0
9	55.42390078	1
9	55.53645078	1
9	55.68645078	0
10	1.051980798	1
10	1.160767	1
10	1.308375	1
10	1.458375	0
10	2.14647	1
10	2.29647	0
10	2.787119	1
10	2.937119	0
10	3.069088	1
10	3.219088	0
10	3.670205	1
10	3.810893	1
10	3.960893	0
10	4.110007	1
10	4.193817	1
10	4.343817	0
10	4.602269	1
10	4.752269	0
10	4.780483	1
10	4.907454	1
10	5.004853	1
10	5.154853	0
10	6.456674	1
10	6.606674	0
10	6.616548	1
10	6.766548	0
10	6.895759	1
10	7.007422	1
10	7.157422	0
10	7.246878	1
10	7.396878	0
10	8.24062	1
10	8.39062	0
10	8.396266	1
10	8.546266	0
10	8.575858	1
10	8.725858	0
10	8.851232	1
10	9.001232	0
10	9.078715	1
10	9.228715	0
10	9.354089	1
10	9.504089	0
10	9.737218	1
10	9.887218	0
10	10.371776	1
10	10.521776	0
10	10.52606	1
10	10.623205	1
10	10.773205	0
10	11.042252	1
10	11.192252	0
10	11.395356	1
10	11.545356	0
10	11.581028	1
10	11.688783	1
10	11.838783	0
10	11.856402	1
10	12.006402	0
10	12.167694	1
10	12.317694	0
10	12.335313	1
10	12.485313	0
10	12.514905	1
10	12.664905	0
10	12.742388	1
10	12.892388	0
10	12.969871	1
10	13.119871	0
10	13.13749	1
10	13.28749	0
10	13.364973	1
10	13.514973	0
10	13.772048	1
10	13.891776	1
10	14.041776	0
10	14.286878	1
10	14.436878	0
10	14.514361	1
10	14.598171	1
10	14.748171	0
10	14.933409	1
10	15.083409	0
10	15.376402	1
10	15.526402	0
10	15.670657	1
10	15.820657	0
10	15.891232	1
10	16.041232	0
10	16.214497	1
10	16.364497	0
10	17.782932	1
10	17.932932	0
10	18.166062	1
10	18.316062	0
10	18.513273	1
10	18.663273	0
10	18.728783	1
10	18.878783	0
10	19.075994	1
10	19.225994	0
10	19.363341	1
10	19.399259	1
10	19.549259	0
10	19.674633	1
10	19.824633	0
10	20.47681	1
10	20.596538	1
10	20.746538	0
10	20.788103	1
10	20.931776	1
10	21.081776	0
10	21.123341	1
10	21.273341	0
10	21.302932	1
10	21.452932	0
10	21.566334	1
10	21.638171	1
10	21.788171	0
10	21.978912	1
10	22.128912	0
10	22.200892	1
10	22.350892	0
10	23.18266	1
10	23.33266	0
10	23.370085	1
10	23.520085	0
10	23.69749	1
10	23.761846	1
10	23.911846	0
10	24.068647	1
10	24.218647	0
10	24.487694	1
10	24.637694	0
10	24.787014	1
10	24.937014	0
10	25.876538	1
10	26.026538	0
10	26.066158	1
10	26.126762	1
10	26.276762	0
10	26.511096	1
10	26.661096	0
10	26.894225	1
10	27.044225	0
10	27.063155	1
10	27.213155	0
10	27.528783	1
10	27.678783	0
10	27.755772	1
10	27.905772	0
10	28.127422	1
10	28.24715	1
10	28.39715	0
10	29.169055	1
10	29.291711	1
10	29.441711	0
10	29.444429	1
10	29.594429	0
10	29.8826	1
10	30.0326	0
10	30.043068	1
10	30.193068	0
10	30.641708	1
10	30.791708	0
10	30.917082	1
10	30.976946	1
10	31.126946	0
10	32.341844	1
10	32.473545	1
10	32.623545	0
10	32.844701	1
10	32.994701	0
10	33.000347	1
10	33.09613	1
10	33.24613	0
10	33.347558	1
10	33.479259	1
10	33.629259	0
10	33.802524	1
10	33.952524	0
10	35.200401	1
10	35.299123	1
10	35.442796	1
10	35.592796	0
10	35.658307	1
10	35.808307	0
10	35.813953	1
10	35.963953	0
10	36.292864	1
10	36.442864	0
10	36.484429	1
10	36.568239	1
10	36.718239	0
10	36.915449	1
10	37.035177	1
10	37.095041	1
10	37.245041	0
10	37.564513	1
10	37.714513	0
10	37.753545	1
10	37.903545	0
10	38.136674	1
10	38.286674	0
10	38.447966	1
10	38.579667	1
10	38.729667	0
10	39.027666	1
10	39.177666	0
10	39.202252	1
10	39.352252	0
10	39.464076	1
10	39.614076	0
10	40.207966	1
10	40.327694	1
10	40.477694	0
10	40.495313	1
10	40.645313	0
10	40.67832	1
10	40.82832	0
10	40.926334	1
10	41.076334	0
10	41.357354	1
10	41.507354	0
10	41.776402	1
10	41.926402	0
10	42.11164	1
10	42.26164	0
10	42.446878	1
10	42.596878	0
10	42.681776	1
10	42.758171	1
10	42.908171	0
10	43.835722	1
10	43.985722	0
10	44.265333	1
10	44.362524	1
10	44.512524	0
10	44.841436	1
10	44.991436	0
10	45.236538	1
10	45.386538	0
10	45.404157	1
10	45.554157	0
10	45.775313	1
10	45.925313	0
10	45.974426	1
10	46.124426	0
10	46.816946	1
10	46.966946	0
10	46.996538	1
10	47.146538	0
10	47.534175	1
10	47.684175	0
10	47.738851	1
10	47.888851	0
10	48.055802	1
10	48.205802	0
10	48.313545	1
10	48.433273	1
10	48.583273	0
10	48.799561	1
10	48.948103	1
10	49.098103	0
10	50.145381	1
10	50.268403	1
10	50.418403	0
10	50.755994	1
10	50.839803	1
10	50.989803	0
10	51.132009	1
10	51.282009	0
10	51.606062	1
10	51.737762	1
10	51.887762	0
10	51.905381	1
10	52.055381	0
10	52.204701	1
10	52.324429	1
10	52.468103	1
10	52.618103	0
10	53.330143	1
10	53.480143	0
10	53.535131	1
10	53.685131	0
10	53.868919	1
10	54.018919	0
10	54.037468	1
10	54.104375	1
10	54.254375	0
10	54.599259	1
10	54.697428	1
10	54.847428	0
10	55.030279	1
10	55.180279	0
10	55.413409	1
10	55.563409	0
10	56.347286	1
10	56.497286	0
10	56.497428	1
10	56.646606	1
10	56.796606	0
10	56.802252	1
10	56.952252	0
10	56.993817	1
10	57.143817	0
10	57.245245	1
10	57.353	1
10	57.460756	1
10	57.610756	0
10	57.843885	1
10	57.993885	0
10	58.204357	1
10	58.354357	0
10	58.670007	1
10	58.820007	0
10	58.874526	1
10	59.024526	0
10	59.124973	1
10	59.244701	1
10	59.394701	0
10	59.448239	1
10	59.598239	0
10	59.855313	1
10	60.005313	0
10	60.430007	1
10	60.580007	0
10	60.784961	1
10	60.934961	0
11	0.27448538	1
11	0.42448538	0
11	0.489783265	1
11	0.639783265	0
11	0.701863265	1
11	0.851863265	0
11	1.064477265	1
11	1.214477265	0
11	1.279987265	1
11	1.429987265	0
11	1.615225265	1
11	1.765225265	0
11	2.130055265	1
11	2.280055265	0
11	2.369511265	1
11	2.453320265	1
11	2.603320265	0
11	3.578762265	1
11	3.695823265	1
11	3.845823265	0
11	3.866109265	1
11	4.016109265	0
11	4.201347265	1
11	4.333048265	1
11	4.483048265	0
11	4.895769265	1
11	4.979579265	1
11	5.129579265	0
11	5.303189265	1
11	5.453189265	0
11	5.494409265	1
11	5.644409265	0
11	5.650055265	1
11	5.733864265	1
11	5.865565265	1
11	6.015565265	0
11	6.188830265	1
11	6.272640265	1
11	6.356450265	1
11	6.506450265	0
11	7.278354265	1
11	7.393222265	1
11	7.505837265	1
11	7.655837265	0
11	7.685429265	1
11	7.835429265	0
11	7.875889265	1
11	8.025889265	0
11	9.194001265	1
11	9.325252265	1
11	9.469375265	1
11	9.619375265	0
11	9.660939265	1
11	9.810939265	0
11	9.828558265	1
11	9.978558265	0
11	10.29549727	1
11	10.44549727	0
11	10.74864127	1
11	10.89864127	0
11	10.94202827	1
11	11.09202827	0
11	11.12162027	1
11	11.27162027	0
11	12.16325227	1
11	12.25903527	1
11	12.40903527	0
11	12.56379227	1
11	12.71379227	0
11	12.84733227	1
11	12.99733227	0
11	13.14502127	1
11	13.29502127	0
11	13.46828627	1
11	13.61828627	0
11	13.72765427	1
11	13.87483527	1
11	14.02483527	0
11	16.28696427	1
11	16.43696427	0
11	16.54529327	1
11	16.65188127	1
11	16.80188127	0
11	17.00025927	1
11	17.15025927	0
11	17.33454727	1
11	17.48454727	0
		1
11	17.69468127	1
11	17.84468127	0
11	18.20817227	1
11	18.35817227	0
11	18.42677927	1
11	18.57677927	0
11	19.08352427	1
11	19.23352427	0
11	19.30694727	1
11	19.45694727	0
11	19.76597327	1
11	19.90000027	1
11	20.05000027	0
11	20.38855827	1
11	20.53855827	0
11	20.66404327	1
11	20.81404327	0
11	21.80822127	1
11	21.95540227	1
11	22.10540227	0
11	22.55711327	1
11	22.68048627	1
11	22.80385827	1
11	22.95385827	0
11	23.05060327	1
11	23.20060327	0
11	23.38175627	1
11	23.53175627	0
11	23.77055327	1
11	23.92055327	0
11	25.46502127	1
11	25.61502127	0
11	25.67877427	1
11	25.82877427	0
11	26.12352427	1
11	26.27352427	0
11	26.38692627	1
11	26.53692627	0
11	26.79400127	1
11	26.94400127	0
11	27.15318427	1
11	27.30318427	0
11	27.34890827	1
11	27.49890827	0
11	28.04368927	1
11	28.13459527	1
11	28.28459527	0
11	28.35046327	1
11	28.50046327	0
11	28.67372827	1
11	28.82372827	0
11	29.14066727	1
11	29.29066727	0
11	29.57962927	1
11	29.72962927	0
11	30.36189227	1
11	30.50952927	1
11	30.65952927	0
11	31.09223227	1
11	31.20863927	1
11	31.35863927	0
11	31.67889927	1
11	31.82889927	0
11	32.12189227	1
11	32.27189227	0
11	32.44382327	1
11	32.59382327	0
11	33.13957927	1
11	33.28957927	0
11	33.30719827	1
11	33.41495327	1
11	33.56495327	0
11	33.67835427	1
11	33.82835427	0
11	34.09880627	1
11	34.24880627	0
11	34.31291227	1
11	34.46291227	0
11	34.54251427	1
11	34.69251427	0
11	35.46230027	1
11	35.61230027	0
11	35.62991927	1
11	35.77991927	0
		1
11	35.98910327	1
11	36.13910327	0
11	36.43209627	1
11	36.58209627	0
11	36.74338827	1
11	36.82719827	1
11	36.97719827	0
11	37.29413727	1
11	37.40227927	1
11	37.55227927	0
11	37.64134727	1
11	37.79134727	0
11	38.03645027	1
11	38.14420527	1
11	38.29420527	0
11	38.44352427	1
11	38.59352427	0
11	38.86029927	1
11	39.01029927	0
11	39.36028127	1
11	39.47716127	1
11	39.53304827	1
11	39.68304827	0
11	39.81697627	1
11	39.95209627	1
11	40.10209627	0
11	40.41903527	1
11	40.56903527	0
11	40.62257227	1
11	40.77257227	0
11	40.81413727	1
11	40.96413727	0
11	41.15605227	1
11	41.30605227	0
11	41.62828627	1
11	41.77828627	0
11	42.80162027	1
11	42.93332027	1
11	43.08332027	0
11	43.19672227	1
11	43.34672227	0
11	43.73549727	1
11	43.88549727	0
11	44.15454527	1
11	44.30454527	0
		1
11	44.42991927	1
11	44.57991927	0
11	44.78418927	1
11	44.92080327	1
11	45.07080327	0
11	45.44760627	1
11	45.53141627	1
11	45.68141627	0
11	45.73495327	1
11	45.88495327	0
11	45.96243627	1
11	46.11243627	0
11	47.53087127	1
11	47.61445627	1
11	47.73785527	1
11	47.87808227	1
11	48.02808227	0
11	48.21969227	1
11	48.36969227	0
11	48.56600027	1
11	48.71600027	0
11	49.42094927	1
11	49.57094927	0
11	49.59019127	1
11	49.74019127	0
11	49.92542927	1
11	50.07542927	0
11	50.31621827	1
11	50.44025927	1
11	50.59025927	0
11	50.87127927	1
11	50.94311627	1
11	51.09311627	0
11	51.15862627	1
11	51.30862627	0
11	51.42202827	1
11	51.57202827	0
11	51.84107527	1
11	51.99107527	0
11	52.37985127	1
11	52.51428327	1
11	52.65522527	1
11	52.80522527	0
11	53.05558027	1
11	53.20558027	0
11	53.42148427	1
11	53.57148427	0
11	53.64896727	1
		1
11	53.79717427	1
11	53.89024527	1
11	54.04024527	0
11	54.21168827	1
11	54.36168827	0
11	54.51732527	1
11	54.66732527	0
11	55.33114927	1
11	55.48114927	0
12	0.229476225	1
12	0.379476225	0
12	0.504358225	1
12	0.654358225	0
12	0.658032225	1
12	0.808032225	0
12	0.974924225	1
12	1.124924225	0
12	1.266236225	1
12	1.416236225	0
12	1.441863225	1
12	1.515146225	1
12	1.665146225	0
12	1.801046225	1
12	1.951046225	0
12	2.220094225	1
12	2.370094225	0
12	2.687033225	1
12	2.794788225	1
12	2.926489225	1
12	3.076489225	0
12	3.293501225	1
12	3.443501225	0
12	3.561046225	1
12	3.644856225	1
12	3.794856225	0
12	4.698461225	1
12	4.848461225	0
12	4.925944225	1
12	5.075944225	0
12	5.309074225	1
12	5.459074225	0
12	5.883767225	1
12	6.033767225	0
12	6.135196225	1
12	6.285196225	0
12	6.460615225	1
12	6.605632225	1
12	6.755632225	0
12	6.759306225	1
12	6.841591225	1
12	6.991591225	0
12	7.215196225	1
12	7.365196225	0
12	7.643767225	1
12	7.793767225	0
12	8.613563225	1
12	8.733291225	1
12	8.883291225	0
12	9.008665225	1
12	9.116421225	1
12	9.266421225	0
12	9.686169225	1
12	9.836169225	0
12	9.997846225	1
12	10.14784623	0
12	10.76866522	1
12	10.91866522	0
12	11.02009422	1
12	11.17009422	0
12	11.58281522	1
12	11.73281522	0
12	11.93204022	1
12	12.06623522	1
12	12.21623522	0
12	14.03723722	1
12	14.18723722	0
12	14.85138722	1
12	14.97902622	1
12	15.12676122	1
12	15.27676122	0
12	15.36356422	1
12	15.51356422	0
12	15.84512822	1
12	15.99512822	0
12	16.09655722	1
12	16.24655722	0
12	16.51640022	1
12	16.62895022	1
12	16.77895022	0
12	16.79561122	1
12	16.92267922	1
12	17.07267922	0
12	17.18608022	1
12	17.33608022	0
12	17.35369922	1
12	17.50369922	0
12	17.58482322	1
12	17.73482322	0
12	18.06009422	1
12	18.17982222	1
12	18.32982222	0
12	18.36185322	1
12	18.51185322	0
12	18.65873322	1
12	18.76648922	1
12	18.91648922	0
12	19.66444822	1
12	19.79822922	1
12	19.92784922	1
12	20.05955022	1
12	20.20955022	0
12	20.31097822	1
12	20.45465222	1
12	20.60465222	0
12	20.63520822	1
12	20.78520822	0
12	21.61601222	1
12	21.75968622	1
12	21.90968622	0
12	21.96322322	1
12	22.11322322	0
12	22.27451622	1
12	22.42451622	0
12	22.50199922	1
12	22.60975422	1
12	22.75975422	0
12	23.48376722	1
12	23.63376722	0
12	23.69927822	1
12	23.84927822	0
12	24.01057022	1
12	24.16057022	0
12	24.23805322	1
12	24.29119422	1
12	24.35778122	1
12	24.50778122	0
12	24.52312722	1
12	24.67312722	0
12	24.77682922	1
12	24.87261122	1
12	25.02261122	0
12	25.60295122	1
12	25.73520622	1
12	25.88520622	0
12	25.88671622	1
12	26.00582122	1
12	26.04594422	1
12	26.19594422	0
12	26.27342722	1
12	26.42342722	0
12	26.52874722	1
12	26.67874722	0
12	28.09329122	1
12	28.24329122	0
12	28.36866522	1
12	28.51866522	0
12	28.62009422	1
12	28.73304122	1
12	28.88304122	0
12	29.23070622	1
12	29.38070622	0
12	30.29628522	1
12	30.38440322	1
12	30.53440322	0
12	30.59651722	1
12	30.74651722	0
12	31.20621622	1
12	31.35621622	0
12	31.35759122	1
12	31.50759122	0
12	32.59506022	1
12	32.74506022	0
12	32.88134922	1
12	33.03134922	0
12	33.90446822	1
12	34.05446822	0
12	34.20039122	1
12	34.35039122	0
12	35.41247022	1
12	35.56247022	0
12	35.71116122	1
12	35.81574022	1
12	35.96574022	0
12	36.16272222	1
12	36.28267922	1
12	36.35451622	1
12	36.50451622	0
12	36.64186322	1
12	36.71369922	1
12	36.85737322	1
12	37.00737322	0
12	37.14472022	1
12	37.28839322	1
12	37.43839322	0
12	37.62363122	1
12	37.77363122	0
12	37.84378222	1
12	37.99378222	0
12	38.04267922	1
12	38.19267922	0
12	38.19832522	1
12	38.34832522	0
12	38.36594422	1
12	38.51594422	0
12	39.52730522	1
12	39.62012722	1
12	39.77012722	0
12	39.79070622	1
12	39.94070622	0
12	39.97029822	1
12	40.12029822	0
12	40.22183822	1
12	40.37183822	0
12	40.96404022	1
12	41.03587622	1
12	41.18587622	0
12	41.34246222	1
12	41.45492422	1
12	41.60492422	0
12	41.64648922	1
12	41.79648922	0
12	42.05356322	1
12	42.12540022	1
12	42.27540022	0
12	42.44866522	1
12	42.59866522	0
12	43.71778122	1
12	43.86778122	0
12	43.87342722	1
12	43.99315522	1
12	44.14315522	0
12	44.34292322	1
12	44.49292322	0
		1
		1
12	44.65165922	1
12	44.80165922	0
12	45.22635322	1
12	45.37635322	0
12	45.67792422	1
12	45.82792422	0
12	45.89682922	1
12	46.04682922	0
12	46.06444822	1
12	46.21444822	0
12	46.32784922	1
12	46.47784922	0
		1
		1
		1
		1