passage	time	value
1	0.046	1
1	0.096	0
1	0.562721	1
1	0.612721	0
1	0.784543	1
1	0.834543	0
1	1.256929	1
1	1.306929	0
1	1.352925	1
1	1.402925	0
1	1.616327	1
1	1.666327	0
1	2.310749	1
1	2.360749	0
1	2.799918	1
1	2.849918	0
1	2.938712	1
1	2.988712	0
1	3.30449	1
1	3.35449	0
1	3.484082	1
1	3.534082	0
1	3.654596	1
1	3.704596	0
1	4.106667	1
1	4.156667	0
1	4.274286	1
1	4.324286	0
1	4.398799	1
1	4.448799	0
1	4.785961	1
1	4.835961	0
1	4.908844	1
1	4.958844	0
1	5.034329	1
1	5.084329	0
1	5.435647	1
1	5.485647	0
1	5.890613	1
1	5.940613	0
1	6.051306	1
1	6.101306	0
1	7.147755	1
1	7.197755	0
1	7.380186	1
1	7.430186	0
1	7.4995	1
1	7.5495	0
1	7.957925	1
1	8.007925	0
		1
1	8.261225	1
1	8.311225	0
1	8.560545	1
1	8.610545	0
1	8.776055	1
1	8.826055	0
1	8.88381	1
1	8.93381	0
1	9.231021	1
1	9.281021	0
1	9.31483	1
1	9.36483	0
1	9.709932	1
1	9.759932	0
1	9.961361	1
1	10.011361	0
1	10.811429	1
1	10.861429	0
1	10.926947	1
1	10.976947	0
1	11.014966	1
1	11.064966	0
1	11.29034	1
1	11.34034	0
1	11.422041	1
1	11.472041	0
1	11.928449	1
1	11.978449	0
1	12.033452	1
1	12.083452	0
1	12.882923	1
1	12.932923	0
1	13.013482	1
1	13.063482	0
1	13.777672	1
1	13.827672	0
1	13.943927	1
1	13.993927	0
1	14.110704	1
1	14.160704	0
1	14.226852	1
1	14.276852	0
1	14.407012	1
1	14.457012	0
1	14.726531	1
1	14.776531	0
1	14.822313	1
1	14.872313	0
1	15.034115	1
1	15.084115	0
1	15.430794	1
1	15.480794	0
1	15.847213	1
1	15.897213	0
1	16.232225	1
1	16.282225	0
1	16.567652	1
1	16.617652	0
1	17.109154	1
1	17.159154	0
1	17.266659	1
1	17.316659	0
1	19.526536	1
1	19.576536	0
1	19.721958	1
1	19.771958	0
1	19.926131	1
1	19.976131	0
1	20.17415	1
1	20.22415	0
1	20.928436	1
1	20.978436	0
1	21.024218	1
1	21.074218	0
1	21.269652	1
1	21.319652	0
1	21.50313	1
1	21.55313	0
1	22.165075	1
1	22.215075	0
1	22.413062	1
1	22.463062	0
1	22.641249	1
1	22.691249	0
1	22.736327	1
1	22.786327	0
1	22.927891	1
1	22.977891	0
1	23.382857	1
1	23.432857	0
1	23.51412	1
1	23.56412	0
1	23.598368	1
1	23.648368	0
1	23.897687	1
1	23.947687	0
1	24.161089	1
1	24.211089	0
1	24.364626	1
1	24.414626	0
1	24.483259	1
1	24.533259	0
1	24.735783	1
1	24.785783	0
1	25.059048	1
1	25.109048	0
1	25.541189	1
1	25.591189	0
1	25.680794	1
1	25.730794	0
1	26.878912	1
1	26.928912	0
1	27.142313	1
1	27.192313	0
1	27.314162	1
1	27.364162	0
1	27.776871	1
1	27.826871	0
1	27.884626	1
1	27.934626	0
1	28.255783	1
1	28.305783	0
1	28.376346	1
1	28.426346	0
1	28.818504	1
1	28.868504	0
1	29.297415	1
1	29.347415	0
1	29.477007	1
1	29.527007	0
1	29.608708	1
1	29.658708	0
1	29.872109	1
1	29.922109	0
1	29.95905	1
1	30.00905	0
1	30.36463	1
1	30.41463	0
1	30.458776	1
1	30.508776	0
1	30.840804	1
1	30.890804	0
1	31.021497	1
1	31.071497	0
1	31.177122	1
1	31.227122	0
1	31.512381	1
1	31.562381	0
1	31.586956	1
1	31.636956	0
1	32.833264	1
1	32.883264	0
1	33.035638	1
1	33.085638	0
1	34.074558	1
1	34.124558	0
1	34.190765	1
1	34.240765	0
1	34.565443	1
1	34.615443	0
1	34.972517	1
1	35.022517	0
1	35.140136	1
1	35.190136	0
1	35.511293	1
1	35.561293	0
1	35.945261	1
1	35.995261	0
1	36.157823	1
1	36.207823	0
1	36.564898	1
1	36.614898	0
1	36.768436	1
1	36.818436	0
1	38.468572	1
1	38.518572	0
1	38.632328	1
1	38.682328	0
1	38.80381	1
1	38.85381	0
1	39.174966	1
1	39.224966	0
1	39.468477	1
1	39.518477	0
1	40.04898	1
1	40.09898	0
1	40.773225	1
1	40.823225	0
1	40.934966	1
1	40.984966	0
1	41.820953	1
1	41.870953	0
1	42.042964	1
1	42.092964	0
1	42.204082	1
1	42.254082	0
1	42.611157	1
1	42.661157	0
1	42.802721	1
1	42.852721	0
1	42.900757	1
1	42.950757	0
1	43.133433	1
1	43.183433	0
1	43.473198	1
1	43.523198	0
1	43.784524	1
1	43.834524	0
1	43.954431	1
1	44.004431	0
1	44.059864	1
1	44.109864	0
1	44.155647	1
1	44.205647	0
1	44.466939	1
1	44.516939	0
1	44.632655	1
1	44.682655	0
1	44.802177	1
1	44.852177	0
1	44.909932	1
1	44.959932	0
1	45.258174	1
1	45.308174	0
1	45.496599	1
1	45.546599	0
1	45.689575	1
1	45.739575	0
1	46.805793	1
1	46.855793	0
1	46.935658	1
1	46.985658	0
1	47.651701	1
1	47.701701	0
1	47.771429	1
1	47.821429	0
1	48.307503	1
1	48.357503	0
1	48.372361	1
1	48.422361	0
1	48.573606	1
1	48.623606	0
		1
1	48.718395	1
1	48.768395	0
1	50.06082	1
1	50.11082	0
1	50.180945	1
1	50.230945	0
1	50.361373	1
1	50.411373	0
1	50.602707	1
1	50.652707	0
1	50.724997	1
1	50.774997	0
1	51.051973	1
1	51.101973	0
1	51.722449	1
1	51.772449	0
1	51.818232	1
1	51.868232	0
1	52.213334	1
1	52.263334	0
1	52.333062	1
1	52.383062	0
1	52.553259	1
1	52.603259	0
1	52.92836	1
1	52.97836	0
1	53.150214	1
1	53.200214	0
1	53.386667	1
1	53.436667	0
1	53.557126	1
1	53.607126	0
1	53.793742	1
1	53.843742	0
1	54.12898	1
1	54.17898	0
1	54.368436	1
1	54.418436	0
1	54.691701	1
1	54.741701	0
1	54.823402	1
1	54.873402	0
1	55.050885	1
1	55.100885	0
1	55.146667	1
1	55.196667	0
1	55.626219	1
1	55.676219	0
1	55.734441	1
1	55.784441	0
1	55.885951	1
1	55.935951	0
1	56.195464	1
1	56.245464	0
1	56.439728	1
1	56.489728	0
2	0.479839572	1
2	0.529839572	0
2	0.592424402	1
2	0.642424402	0
2	0.810806402	1
2	0.860806402	0
2	0.912952402	1
2	0.962952402	0
2	1.415810402	1
2	1.465810402	0
2	1.918667402	1
2	1.968667402	0
2	2.385605402	1
2	2.435605402	0
2	2.557777402	1
2	2.607777402	0
2	3.211728402	1
2	3.261728402	0
2	3.431803402	1
2	3.481803402	0
2	3.595218402	1
2	3.645218402	0
2	3.790771402	1
2	3.840771402	0
2	4.384907402	1
2	4.434907402	0
2	5.637331402	1
2	5.687331402	0
2	5.747717402	1
2	5.797717402	0
2	6.073224402	1
2	6.123224402	0
2	6.286257402	1
2	6.336257402	0
2	6.887374402	1
2	6.937374402	0
2	6.992943402	1
2	7.042943402	0
2	7.150775402	1
2	7.200775402	0
2	7.541223402	1
2	7.591223402	0
2	8.467782402	1
2	8.517782402	0
2	8.946694402	1
2	8.996694402	0
2	9.365741402	1
2	9.415741402	0
2	9.557306402	1
2	9.607306402	0
2	9.696188402	1
2	9.746188402	0
2	10.1080544	1
2	10.1580544	0
2	10.3256874	1
2	10.3756874	0
2	10.4425664	1
2	10.4925664	0
2	10.8503674	1
2	10.9003674	0
2	11.3053334	1
2	11.3553334	0
2	11.3771704	1
2	11.4271704	0
2	12.1913204	1
2	12.2413204	0
2	12.3150514	1
2	12.3650514	0
2	12.4278374	1
2	12.4778374	0
2	12.5354954	1
2	12.5854954	0
2	12.9096874	1
2	12.9596874	0
2	13.3209554	1
2	13.3709554	0
2	13.7505944	1
2	13.8005944	0
2	13.8315924	1
2	13.8815924	0
2	14.2027484	1
2	14.2527484	0
2	14.3713834	1
2	14.4213834	0
2	14.7563734	1
2	14.8063734	0
2	14.8570194	1
2	14.9070194	0
2	15.2922724	1
2	15.3422724	0
2	15.8430204	1
2	15.8930204	0
2	16.1249724	1
2	16.1749724	0
2	16.1782584	1
2	16.2282584	0
2	16.5853334	1
2	16.6353334	0
2	16.7050614	1
2	16.7550614	0
2	16.9804354	1
2	17.0304354	0
2	17.1816424	1
2	17.2316424	0
2	17.3169194	1
2	17.3669194	0
2	18.0100954	1
2	18.0600954	0
2	18.2734974	1
2	18.3234974	0
2	18.6566264	1
2	18.7066264	0
2	18.8172454	1
2	18.8672454	0
2	20.0813884	1
2	20.1313884	0
2	20.2968984	1
2	20.3468984	0
2	20.5483274	1
2	20.5983274	0
2	20.9434294	1
2	20.9934294	0
2	21.0392114	1
2	21.0892114	0
2	21.4103674	1
2	21.4603674	0
2	21.8665724	1
2	21.9165724	0
2	22.4041094	1
2	22.4541094	0
2	22.5977474	1
2	22.6477474	0
2	23.5894154	1
2	23.6394154	0
2	23.8647894	1
2	23.9147894	0
2	24.2479184	1
2	24.2979184	0
2	24.3796194	1
2	24.4296194	0
2	24.6888614	1
2	24.7388614	0
2	24.7866944	1
2	24.8366944	0
2	24.9782584	1
2	25.0282584	0
2	25.1339054	1
2	25.1839054	0
2	25.4691434	1
2	25.5191434	0
2	25.6916714	1
2	25.7416714	0
2	25.7988114	1
2	25.8488114	0
2	26.1875104	1
2	26.2375104	0
2	26.5227484	1
2	26.5727484	0
2	26.8220684	1
2	26.8720684	0
2	27.1009914	1
2	27.1509914	0
2	27.2092134	1
2	27.2592134	0
2	28.6539054	1
2	28.7039054	0
2	28.8555384	1
2	28.9055384	0
2	29.2764904	1
2	29.3264904	0
2	29.8392114	1
2	29.8892114	0
2	30.1744494	1
2	30.2244494	0
2	30.3537254	1
2	30.4037254	0
2	30.7611164	1
2	30.8111164	0
2	31.1847124	1
2	31.2347124	0
2	31.7069664	1
2	31.7569664	0
2	31.9823404	1
2	32.0323404	0
2	32.3775904	1
2	32.4275904	0
2	33.1915924	1
2	33.2415924	0
2	33.4658944	1
2	33.5158944	0
2	33.5866944	1
2	33.6366944	0
2	33.6705034	1
2	33.7205034	0
2	34.0775784	1
2	34.1275784	0
2	34.2451974	1
2	34.2951974	0
2	34.4726804	1
2	34.5226804	0
2	34.5684634	1
2	34.6184634	0
2	34.7251894	1
2	34.7751894	0
2	34.9359684	1
2	34.9859684	0
2	36.4990384	1
2	36.5490384	0
2	36.5866974	1
2	36.6366974	0
2	36.9630204	1
2	37.0130204	0
2	37.1545854	1
2	37.2045854	0
2	37.3092894	1
2	37.3592894	0
2	37.6848174	1
2	37.7348174	0
2	37.8729524	1
2	37.9229524	0
2	38.0506054	1
2	38.1006054	0
2	38.1270404	1
2	38.1770404	0
2	38.5314564	1
2	38.5814564	0
2	38.7110484	1
2	38.7610484	0
2	39.0103674	1
2	39.0603674	0
2	39.6090074	1
2	39.6590074	0
2	39.7885994	1
2	39.8385994	0
2	40.0041094	1
2	40.0541094	0
2	40.2555374	1
2	40.3055374	0
2	40.8422044	1
2	40.8922044	0
2	41.4528164	1
2	41.5028164	0
2	41.7985404	1
2	41.8485404	0
2	42.7219324	1
2	42.7719324	0
2	42.8468034	1
2	42.8968034	0
2	43.2607074	1
2	43.3107074	0
2	43.4437824	1
2	43.4937824	0
2	43.6191014	1
2	43.6677824	1
2	43.7177824	0
2	44.2065584	1
2	44.2565584	0
2	44.2903674	1
2	44.3403674	0
2	44.5548144	1
2	44.6048144	0
2	44.8416004	1
2	44.8916004	0
2	45.3433954	1
2	45.3933954	0
2	45.8588034	1
2	45.9088034	0
2	46.1940414	1
2	46.2440414	0
2	46.4215244	1
2	46.4715244	0
2	46.6729524	1
2	46.7229524	0
2	47.1039734	1
2	47.1539734	0
2	47.4631564	1
2	47.5131564	0
		1
		1
		1
		1
2	47.6700554	1
2	47.7200554	0
2	47.7624764	1
2	47.8124764	0
2	48.1934974	1
2	48.2434974	0
2	48.5287354	1
2	48.5787354	0
2	50.2168984	1
2	50.2668984	0
2	50.5641094	1
2	50.6141094	0
2	50.6958104	1
2	50.7458104	0
2	50.9951294	1
2	51.0451294	0
2	51.1747214	1
2	51.2247214	0
2	51.5339054	1
2	51.5839054	0
2	52.1325444	1
2	52.1825444	0
2	52.1874444	1
2	52.2374444	0
2	52.4438374	1
2	52.4938374	0
2	52.6592904	1
2	52.7092904	0
2	52.9445924	1
2	52.9945924	0
2	54.0841094	1
2	54.1341094	0
2	54.2320244	1
2	54.2820244	0
2	54.3954014	1
2	54.4454014	0
2	54.5989394	1
2	54.6489394	0
2	55.1504224	1
2	55.2004224	0
2	55.3053334	1
2	55.3553334	0
2	55.6284084	1
2	55.6784084	0
2	55.7602994	1
2	55.8102994	0
2	55.9398914	1
2	55.9898914	0
2	56.1793474	1
2	56.2293474	0
2	56.8617964	1
2	56.9117964	0
2	56.9934974	1
2	57.0434974	0
2	57.2449254	1
2	57.2949254	0
2	57.6156304	1
2	57.6656304	0
2	57.8794834	1
2	57.9294834	0
2	58.0111844	1
2	58.0611844	0
2	58.1660754	1
2	58.2160754	0
2	58.5156304	1
2	58.5656304	0
2	58.6816604	1
2	58.7316604	0
2	58.8612524	1
2	58.9112524	0
2	59.1485994	1
2	59.1985994	0
2	59.2511584	1
2	59.3011584	0
2	59.6873744	1
2	59.7373744	0
3	0.478723402	1
3	0.528723402	0
3	0.986269787	1
3	1.036269787	0
3	1.201780787	1
3	1.251780787	0
3	1.501099787	1
3	1.551099787	0
3	1.604642787	1
3	1.654642787	0
3	1.836337787	1
3	1.886337787	0
3	2.183548787	1
3	2.233548787	0
3	2.315249787	1
3	2.365249787	0
3	2.602596787	1
3	2.652596787	0
3	2.842052787	1
3	2.892052787	0
3	2.961780787	1
3	3.011780787	0
3	3.143827787	1
3	3.193827787	0
3	3.332936787	1
3	3.382936787	0
3	3.716065787	1
3	3.766065787	0
3	4.506269787	1
3	4.556269787	0
3	4.611587787	1
3	4.661587787	0
3	4.721780787	1
3	4.771780787	0
3	4.889399787	1
3	4.939399787	0
3	5.057018787	1
3	5.107018787	0
3	5.308446787	1
3	5.358446787	0
3	5.446654787	1
3	5.496654787	0
3	5.695563787	1
3	5.745563787	0
3	7.200147787	1
3	7.250147787	0
3	7.403684787	1
3	7.453684787	0
3	7.667086787	1
3	7.717086787	0
3	7.913297787	1
3	7.963297787	0
3	8.026269787	1
3	8.076269787	0
3	8.110079787	1
3	8.160079787	0
3	8.487551787	1
3	8.537551787	0
3	8.565045787	1
3	8.615045787	0
3	8.667198787	1
3	8.717198787	0
3	9.522868787	1
3	9.572868787	0
3	9.679748787	1
3	9.729748787	0
3	10.07361679	1
3	10.12361679	0
3	10.20531779	1
3	10.25531779	0
3	10.33701879	1
3	10.38701879	0
3	10.46871879	1
3	10.51871879	0
3	10.80395679	1
3	10.85395679	0
3	10.97157679	1
3	11.02157679	0
3	11.55766779	1
3	11.60766779	0
3	11.76178079	1
3	11.81178079	0
3	14.07252879	1
3	14.12252879	0
3	14.32043479	1
3	14.37043479	0
3	14.47960379	1
3	14.52960379	0
3	14.75497779	1
3	14.80497779	0
3	15.00640579	1
3	15.05640579	0
3	15.24713779	1
3	15.29713779	0
3	15.78066979	1
3	15.83066979	0
3	15.90436579	1
3	15.95436579	0
3	16.37130379	1
3	16.42130379	0
3	16.54214579	1
3	16.59214579	0
3	16.72362579	1
3	16.77362579	0
3	16.91007979	1
3	16.96007979	0
3	18.27497779	1
3	18.32497779	0
3	18.45456979	1
3	18.50456979	0
3	18.69402479	1
3	18.74402479	0
3	18.96623079	1
3	19.01623079	0
3	19.05320879	1
3	19.10320879	0
3	19.47225679	1
3	19.52225679	0
3	19.63987579	1
3	19.68987579	0
3	19.80749479	1
3	19.85749479	0
3	19.89130379	1
3	19.94130379	0
3	19.98708679	1
3	20.03708679	0
3	20.45402479	1
3	20.50402479	0
3	20.52586179	1
3	20.57586179	0
3	20.72939979	1
3	20.77939979	0
3	21.66327679	1
3	21.71327679	0
3	21.80789779	1
3	21.85789779	0
3	22.00702479	1
3	22.05702479	0
3	22.57196479	1
3	22.62196479	0
3	23.11249479	1
3	23.16249479	0
3	24.33320879	1
3	24.38320879	0
3	24.46490979	1
3	24.51490979	0
3	24.54871879	1
3	24.59871879	0
3	24.69239279	1
3	24.74239279	0
3	25.04467379	1
3	25.09467379	0
3	25.78191679	1
3	25.83191679	0
3	25.90463179	1
3	25.95463179	0
3	26.10518179	1
3	26.15518179	0
3	27.24259679	1
3	27.29259679	0
3	27.42218879	1
3	27.47218879	0
3	27.57783479	1
3	27.62783479	0
3	27.76956379	1
3	27.81956379	0
3	27.93701879	1
3	27.98701879	0
3	28.03280079	1
3	28.08280079	0
3	28.35606579	1
3	28.40606579	0
3	28.45184879	1
3	28.50184879	0
3	28.70327679	1
3	28.75327679	0
3	28.87089579	1
3	28.92089579	0
3	29.17021579	1
3	29.22021579	0
3	29.24205279	1
3	29.29205279	0
3	29.61320879	1
3	29.66320879	0
		1
3	30.41538579	1
3	30.46538579	0
3	30.57975079	1
3	30.62975079	0
3	30.75062379	1
3	30.80062379	0
3	31.20558979	1
3	31.25558979	0
3	31.28939979	1
3	31.33939979	0
3	31.48191579	1
3	31.53191579	0
3	31.60636979	1
3	31.65636979	0
3	31.94790279	1
3	31.99790279	0
3	32.11244379	1
3	32.16244379	0
3	32.21130379	1
3	32.26130379	0
3	32.30183079	1
3	32.35183079	0
3	32.80994379	1
3	32.85994379	0
3	32.89375279	1
3	32.94375279	0
3	33.09729079	1
3	33.14729079	0
3	33.31280079	1
3	33.36280079	0
3	33.74353779	1
3	33.79353779	0
3	35.74327679	1
3	35.79327679	0
3	36.53985379	1
3	36.58985379	0
3	36.69745379	1
3	36.74745379	0
3	37.12014779	1
3	37.17014779	0
3	37.25262979	1
3	37.30262979	0
3	37.91008579	1
3	37.96008579	0
3	38.25314779	1
3	38.30314779	0
3	38.52478379	1
3	38.57478379	0
3	38.58082779	1
3	38.63082779	0
3	38.85445579	1
3	38.90445579	0
3	39.05973979	1
3	39.10973979	0
3	39.34469879	1
3	39.39469879	0
3	39.40695079	1
3	39.45695079	0
3	39.61048779	1
3	39.66048779	0
3	39.88586179	1
3	39.93586179	0
3	40.47252879	1
3	40.52252879	0
3	40.55633779	1
3	40.60633779	0
3	41.02327679	1
3	41.07327679	0
3	41.27470579	1
3	41.32470579	0
3	42.67552179	1
3	42.72552179	0
3	43.00499679	1
3	43.05499679	0
3	43.52558979	1
3	43.57558979	0
3	43.66323679	1
3	43.71323679	0
3	43.76783279	1
3	43.81783279	0
3	43.95661079	1
3	44.00661079	0
3	44.25592979	1
3	44.30592979	0
3	44.37565779	1
3	44.42565779	0
3	44.51420779	1
3	44.56420779	0
3	45.42502979	1
3	45.47502979	0
3	45.72658979	1
3	45.77658979	0
3	45.81239279	1
3	45.86239279	0
3	46.00234879	1
3	46.05234879	0
3	46.11171279	1
3	46.16171279	0
3	46.32722279	1
3	46.37722279	0
3	46.81303279	1
3	46.86303279	0
3	47.10374579	1
3	47.15374579	0
3	47.24876179	1
3	47.29876179	0
3	47.52689079	1
3	47.57689079	0
3	47.68014779	1
3	47.73014779	0
3	47.82382079	1
3	47.87382079	0
3	48.07625279	1
3	48.12625279	0
3	48.25484179	1
3	48.30484179	0
3	48.36628679	1
3	48.41628679	0
3	48.66191679	1
3	48.71191679	0
3	48.74572579	1
3	48.79572579	0
3	48.86911379	1
3	48.91911379	0
3	50.01484179	1
3	50.06484179	0
3	50.24312279	1
3	50.29312279	0
3	50.42191679	1
3	50.47191679	0
3	50.68426379	1
3	50.73426379	0
3	51.08674579	1
3	51.13674579	0
3	52.75661079	1
3	52.80661079	0
3	53.76232479	1
3	53.81232479	0
3	54.89973979	1
3	54.94973979	0
3	55.98926379	1
3	56.03926379	0
3	56.08979379	1
3	56.13979379	0
3	56.15689079	1
3	56.20689079	0
3	56.43225679	1
3	56.48225679	0
3	57.00927379	1
3	57.05927379	0
3	57.28232479	1
3	57.33232479	0
3	57.45149679	1
3	57.50149679	0
3	57.59651379	1
3	57.64651379	0
3	58.81484179	1
3	58.86484179	0
3	58.99095979	1
3	59.04095979	0
3	59.42545379	1
3	59.47545379	0
3	59.71888679	1
3	59.76888679	0
3	59.94028379	1
3	59.99028379	0
3	60.45575679	1
3	60.50575679	0
3	60.56654879	1
3	60.61654879	0
3	60.64667879	1
3	60.69667879	0
3	61.05375279	1
3	61.10375279	0
3	61.26926379	1
3	61.31926379	0
3	61.59139379	1
3	61.64139379	0
3	62.07143979	1
3	62.12143979	0
3	62.26300479	1
3	62.31300479	0
3	62.53837879	1
3	62.58837879	0
		1
4	0.398385787	1
4	0.448385787	0
4	0.689427631	1
4	0.739427631	0
4	0.840937631	1
4	0.890937631	0
4	1.126349631	1
4	1.176349631	0
4	1.542891631	1
4	1.592891631	0
4	1.772879631	1
4	1.822879631	0
4	1.844716631	1
4	1.894716631	0
4	2.251791631	1
4	2.301791631	0
4	2.347573631	1
4	2.397573631	0
4	2.485197631	1
4	2.535197631	0
4	3.125805631	1
4	3.175805631	0
4	3.353288631	1
4	3.403288631	0
4	3.473015631	1
4	3.523015631	0
4	3.808254631	1
4	3.858254631	0
4	3.990834631	1
4	4.040834631	0
4	4.155464631	1
4	4.205464631	0
4	4.632185631	1
4	4.682185631	0
4	5.077369631	1
4	5.127369631	0
4	5.460498631	1
4	5.510498631	0
4	5.903492631	1
4	5.953492631	0
4	6.262675631	1
4	6.312675631	0
4	6.346485631	1
4	6.396485631	0
4	7.172607631	1
4	7.222607631	0
4	7.253283631	1
4	7.303283631	0
4	7.388559631	1
4	7.438559631	0
4	7.699410631	1
4	7.749410631	0
4	8.094512631	1
4	8.144512631	0
4	8.250158631	1
4	8.300158631	0
4	8.465668631	1
4	8.515668631	0
4	8.860771631	1
4	8.910771631	0
4	9.219954631	1
4	9.269954631	0
4	9.339682631	1
4	9.389682631	0
4	9.567165631	1
4	9.617165631	0
4	9.794648631	1
4	9.844648631	0
4	9.926349631	1
4	9.976349631	0
4	10.08199563	1
4	10.13199563	0
4	10.51044763	1
4	10.56044763	0
4	10.60879863	1
4	10.65879863	0
4	10.72852663	1
4	10.77852663	0
4	11.11381763	1
4	11.16381763	0
4	11.74621363	1
4	11.79621363	0
4	11.95457563	1
4	12.00457563	0
4	12.06387963	1
4	12.11387963	0
4	12.28498863	1
4	12.33498863	0
4	12.44063463	1
4	12.49063463	0
4	12.64462563	1
4	12.69462563	0
4	12.75192763	1
4	12.80192763	0
4	13.24281163	1
4	13.29281163	0
4	13.47324963	1
4	13.52324963	0
4	14.23655363	1
4	14.28655363	0
4	14.41614563	1
4	14.46614563	0
4	14.85699863	1
4	14.90699863	0
4	15.11056663	1
4	15.16056663	0
4	15.19437663	1
4	15.24437663	0
4	15.75709763	1
4	15.80709763	0
4	15.93668963	1
4	15.98668963	0
4	16.09233563	1
4	16.14233563	0
4	16.27192763	1
4	16.32192763	0
4	16.43954663	1
4	16.48954663	0
4	16.58322063	1
4	16.63322063	0
4	16.77246763	1
4	16.82246763	0
4	17.08607763	1
4	17.13607763	0
4	17.28976663	1
4	17.33976663	0
4	18.00798163	1
4	18.05798163	0
4	18.31422063	1
4	18.36422063	0
4	18.42702963	1
4	18.47702963	0
4	18.61859463	1
4	18.66859463	0
4	18.79818563	1
4	18.84818563	0
4	19.31301563	1
4	19.36301563	0
4	19.38505963	1
4	19.43505963	0
4	19.67375863	1
4	19.72375863	0
4	19.78522663	1
4	19.83522663	0
4	20.63002263	1
4	20.68002263	0
4	21.12090763	1
4	21.17090763	0
4	21.36644463	1
4	21.41644463	0
4	21.43219963	1
4	21.48219963	0
4	21.71954663	1
4	21.76954663	0
4	21.81532863	1
4	21.86532863	0
4	22.11464863	1
4	22.16464863	0
4	23.18022663	1
4	23.23022663	0
4	23.34784563	1
4	23.39784563	0
4	23.51076263	1
4	23.56076263	0
4	23.65036763	1
4	23.70036763	0
4	24.00634963	1
4	24.05634963	0
4	24.17712863	1
4	24.22712863	0
4	24.82182563	1
4	24.87182563	0
4	24.94022663	1
4	24.99022663	0
4	25.57799163	1
4	25.62799163	0
4	25.70940763	1
4	25.75940763	0
4	25.77832263	1
4	25.82832263	0
4	26.11436663	1
4	26.16436663	0
4	27.16716563	1
4	27.21716563	0
4	27.59113663	1
4	27.64113663	0
4	28.00526063	1
4	28.05526063	0
		1
		1
4	28.35477763	1
4	28.40477763	0
4	28.68770963	1
4	28.73770963	0
4	28.84335663	1
4	28.89335663	0
4	29.40607763	1
4	29.45607763	0
4	30.17233563	1
4	30.22233563	0
4	30.31600963	1
4	30.36600963	0
4	30.89070263	1
4	30.94070263	0
4	31.93233563	1
4	31.98233563	0
		1
4	32.08798163	1
4	32.13798163	0
4	32.31546463	1
4	32.36546463	0
4	32.43519263	1
4	32.48519263	0
4	32.55492063	1
4	32.60492063	0
4	32.89015863	1
4	32.94015863	0
4	33.27328863	1
4	33.32328863	0
4	33.70494363	1
4	33.75494363	0
4	33.81316563	1
4	33.86316563	0
4	35.16498863	1
4	35.21498863	0
4	35.61995463	1
4	35.66995463	0
4	35.85941063	1
4	35.90941063	0
4	36.26648563	1
4	36.31648563	0
4	37.59546463	1
4	37.64546463	0
4	37.73208963	1
4	37.78208963	0
4	38.12817963	1
4	38.17817963	0
4	38.24181263	1
4	38.29181263	0
4	38.40054563	1
4	38.45054563	0
4	38.79274363	1
4	38.84274363	0
4	39.11600963	1
4	39.16600963	0
4	39.35546463	1
4	39.40546463	0
4	39.88226763	1
4	39.93226763	0
4	40.07216363	1
4	40.12216363	0
4	41.04362863	1
4	41.09362863	0
4	41.40281163	1
4	41.45281163	0
4	41.69015863	1
4	41.74015863	0
4	41.80957263	1
4	41.85957263	0
4	41.92961463	1
4	41.97961463	0
4	42.24090763	1
4	42.29090763	0
4	42.33668963	1
4	42.38668963	0
4	42.57203263	1
4	42.62203263	0
4	42.72981063	1
4	42.77981063	0
4	43.04308363	1
4	43.09308363	0
4	43.15083963	1
4	43.20083963	0
4	43.66566863	1
4	43.71566863	0
4	43.83328863	1
4	43.88328863	0
4	44.10866263	1
4	44.15866263	0
4	44.25233563	1
4	44.30233563	0
4	44.41995463	1
4	44.46995463	0
4	44.81505663	1
4	44.86505663	0
4	46.10811763	1
4	46.15811763	0
4	46.25192363	1
4	46.30192363	0
4	47.24553263	1
4	47.29553263	0
4	47.56879863	1
4	47.61879863	0
4	48.95285963	1
4	49.00285963	0
4	49.10869863	1
4	49.15869863	0
4	49.35274363	1
4	49.40274363	0
4	49.69995463	1
4	49.74995463	0
4	49.96335663	1
4	50.01335663	0
4	50.09505663	1
4	50.14505663	0
4	50.44226763	1
4	50.49226763	0
4	50.56199563	1
4	50.61199563	0
4	50.76290263	1
4	50.81290263	0
4	51.24444463	1
4	51.29444463	0
4	51.45995463	1
4	51.50995463	0
4	51.92689363	1
4	51.97689363	0
4	52.06513863	1
4	52.11513863	0
4	52.20226763	1
4	52.25226763	0
4	52.37652063	1
4	52.42652063	0
4	52.48961463	1
4	52.53961463	0
4	52.87317663	1
4	52.92317663	0
4	52.97145863	1
4	53.02145863	0
4	53.21995463	1
4	53.26995463	0
4	53.33968263	1
4	53.38968263	0
4	53.61505663	1
4	53.66505663	0
4	55.17151963	1
4	55.22151963	0
4	55.23582963	1
4	55.28582963	0
4	55.40110663	1
4	55.45110663	0
4	55.60253963	1
4	55.65253963	0
4	55.77015863	1
4	55.82015863	0
4	55.92580563	1
4	55.97580563	0
4	56.21315163	1
4	56.26315163	0
4	56.38657763	1
4	56.43657763	0
4	56.57233563	1
4	56.62233563	0
4	56.73995463	1
4	56.78995463	0
4	56.96743763	1
4	57.01743763	0
4	57.03927463	1
4	57.08927463	0
4	57.11111163	1
4	57.16111163	0
4	57.60199563	1
4	57.65199563	0
4	57.86539663	1
4	57.91539663	0
4	57.99709763	1
4	58.04709763	0
4	59.03873063	1
4	59.08873063	0
4	59.37396863	1
4	59.42396863	0
4	60.03247163	1
4	60.08247163	0
4	60.27228563	1
4	60.32228563	0
4	60.51457663	1
4	60.56457663	0
4	60.62911563	1
4	60.67911563	0
4	61.23515563	1
4	61.28515563	0
4	61.40908963	1
4	61.45908963	0
4	63.22920663	1
4	63.27920663	0
4	63.28054363	1
4	63.33054363	0
4	63.46866263	1
4	63.51866263	0
4	63.74156763	1
4	63.79156763	0
4	63.80390063	1
4	63.85390063	0
4	64.32668563	1
4	64.37668563	0
4	64.41084863	1
4	64.46084863	0
4	64.56802363	1
4	64.61802363	0
4	65.36036263	1
4	65.41036263	0
4	65.79138363	1
4	65.84138363	0
4	66.51241563	1
4	66.56241563	0
4	66.65526763	1
4	66.70526763	0
4	66.73779663	1
4	66.78779663	0
4	66.85223063	1
4	66.90223063	0
4	67.25244963	1
4	67.30244963	0
4	67.44362863	1
4	67.49362863	0
4	67.65913863	1
4	67.70913863	0
4	68.03985163	1
4	68.08985163	0
4	68.15456663	1
4	68.20456663	0
4	68.26278763	1
4	68.31278763	0
4	68.43736963	1
4	68.48736963	0
4	68.59301563	1
4	68.64301563	0
4	68.76063463	1
4	68.81063463	0
4	69.12991863	1
4	69.17991863	0
5	0.561145631	1
5	0.611145631	0
5	0.689847173	1
5	0.739847173	0
5	0.936113173	1
5	0.986113173	0
5	1.115705173	1
5	1.165705173	0
5	1.618562173	1
5	1.668562173	0
5	1.858018173	1
5	1.908018173	0
5	2.107547173	1
5	2.157547173	0
5	2.220976173	1
5	2.270976173	0
5	2.312984173	1
5	2.362984173	0
5	2.528494173	1
5	2.578494173	0
5	2.648222173	1
5	2.698222173	0
5	2.847481173	1
5	2.897481173	0
5	4.108902173	1
5	4.158902173	0
5	4.527950173	1
5	4.577950173	0
5	4.666011173	1
5	4.716011173	0
5	4.803324173	1
5	4.853324173	0
5	5.126589173	1
5	5.176589173	0
5	5.261374173	1
5	5.311374173	0
5	5.371760173	1
5	5.421760173	0
5	6.383732173	1
5	6.433732173	0
5	6.833959173	1
5	6.883959173	0
5	6.910535173	1
5	6.960535173	0
5	7.113220173	1
5	7.163220173	0
5	7.305637173	1
5	7.355637173	0
5	7.437338173	1
5	7.487338173	0
5	7.704109173	1
5	7.754109173	0
5	7.877263173	1
5	7.927263173	0
5	9.664277173	1
5	9.714277173	0
5	10.26291617	1
5	10.31291617	0
5	10.81366417	1
5	10.86366417	0
5	11.98699817	1
5	12.03699817	0
5	12.15461717	1
5	12.20461717	0
5	12.32223617	1
5	12.37223617	0
5	12.71894017	1
5	12.76894017	0
5	13.01979617	1
5	13.06979617	0
5	13.13638517	1
5	13.18638517	0
5	13.45965117	1
5	13.50965117	0
5	13.66318817	1
5	13.71318817	0
5	14.08223617	1
5	14.13223617	0
5	14.32169217	1
5	14.37169217	0
5	14.64495717	1
5	14.69495717	0
5	15.19176917	1
5	15.24176917	0
5	16.79702417	1
5	16.84702417	0
5	17.12403517	1
5	17.17403517	0
5	17.31648717	1
5	17.36648717	0
5	17.64764417	1
5	17.69764417	0
5	17.80577317	1
5	17.85577317	0
5	18.18890217	1
5	18.23890217	0
5	18.56005917	1
5	18.61005917	0
5	18.92607117	1
5	18.97607117	0
5	19.00305217	1
5	19.05305217	0
5	19.31350417	1
5	19.36350417	0
5	20.90959317	1
5	20.95959317	0
5	21.25590217	1
5	21.30590217	0
5	21.48749517	1
5	21.53749517	0
5	21.59138817	1
5	21.64138817	0
5	23.12299917	1
5	23.17299917	0
5	23.22256217	1
5	23.27256217	0
5	23.45848517	1
5	23.50848517	0
5	23.56870017	1
5	23.61870017	0
5	23.64895517	1
5	23.69895517	0
5	24.04359617	1
5	24.09359617	0
5	24.15261217	1
5	24.20261217	0
5	24.61147117	1
5	24.66147117	0
5	24.73801817	1
5	24.78801817	0
5	25.07249417	1
5	25.12249417	0
5	25.18504417	1
5	25.23504417	0
5	25.48033117	1
5	25.53033117	0
5	26.76141917	1
5	26.81141917	0
5	27.09665817	1
5	27.14665817	0
5	27.26427717	1
5	27.31427717	0
5	27.51271417	1
5	27.56271417	0
5	27.59951517	1
5	27.64951517	0
5	27.92278017	1
5	27.97278017	0
5	28.03053517	1
5	28.08053517	0
5	28.13829017	1
5	28.18829017	0
5	28.47352817	1
5	28.52352817	0
5	28.66509317	1
5	28.71509317	0
5	29.01230417	1
5	29.06230417	0
5	29.89829017	1
5	29.94829017	0
5	30.06590917	1
5	30.10182817	1
5	30.15182817	0
5	30.34671017	1
5	30.39671017	0
5	30.73638517	1
5	30.78638517	0
5	30.82019517	1
5	30.87019517	0
5	30.97584117	1
5	31.02584117	0
5	31.20165917	1
5	31.25165917	0
5	31.26007417	1
5	31.31007417	0
5	31.34018317	1
5	31.39018317	0
5	31.75407217	1
5	31.80407217	0
5	31.96958317	1
5	32.01958317	0
5	32.06536517	1
5	32.11536517	0
5	32.33718017	1
5	32.38718017	0
5	32.58019517	1
5	32.63019517	0
5	32.65203217	1
5	32.70203217	0
5	33.74155517	1
5	33.79155517	0
5	33.84931117	1
5	33.89931117	0
5	34.00050617	1
5	34.05050617	0
5	34.10073917	1
5	34.15073917	0
5	34.37743117	1
5	34.42743117	0
5	34.69127317	1
5	34.74127317	0
5	34.74727017	1
5	34.79727017	0
5	35.16631717	1
5	35.21631717	0
5	35.25538517	1
5	35.30538517	0
5	36.35162417	1
5	36.40162417	0
5	36.51924317	1
5	36.56924317	0
5	36.62699817	1
5	36.67699817	0
5	37.15380017	1
5	37.20380017	0
5	37.40522917	1
5	37.45522917	0
5	37.79375817	1
5	37.84375817	0
5	37.86302017	1
5	37.91302017	0
5	39.51244017	1
5	39.56244017	0
5	39.71597717	1
5	39.76597717	0
5	39.96740617	1
5	40.01740617	0
5	40.43434517	1
5	40.48434517	0
5	40.82944717	1
5	40.87944717	0
5	40.94917517	1
5	40.99917517	0
5	41.15271217	1
5	41.20271217	0
5	41.40025117	1
5	41.45025117	0
5	42.38590917	1
5	42.43590917	0
5	42.55092317	1
5	42.60092317	0
5	42.81693017	1
5	42.86693017	0
5	43.00849417	1
5	43.05849417	0
5	43.42754217	1
5	43.47754217	0
5	43.58318817	1
5	43.63318817	0
5	44.13393617	1
5	44.18393617	0
5	44.21774617	1
5	44.26774617	0
5	44.27761017	1
5	44.32761017	0
5	44.64876617	1
5	44.69876617	0
5	44.91805217	1
5	44.96805217	0
5	45.09176017	1
5	45.14176017	0
5	45.91788217	1
5	45.96788217	0
5	46.06006617	1
5	46.11006617	0
5	46.48862317	1
5	46.53862317	0
5	46.68414117	1
5	46.73414117	0
5	47.54618117	1
5	47.59618117	0
5	47.66590917	1
5	47.71590917	0
5	48.07298417	1
5	48.12298417	0
5	48.30372817	1
5	48.35372817	0
5	49.13856217	1
5	49.18856217	0
5	49.29685017	1
5	49.34685017	0
5	50.07342517	1
5	50.12342517	0
5	50.22493517	1
5	50.27493517	0
5	50.54743517	1
5	50.59743517	0
5	50.72426417	1
5	50.77426417	0
5	51.94933017	1
5	51.99933017	0
5	52.06188017	1
5	52.11188017	0
5	52.15258617	1
5	52.20258617	0
5	52.55080717	1
5	52.60080717	0
5	52.68250817	1
5	52.73250817	0
5	52.86210017	1
5	52.91210017	0
5	53.06778617	1
5	53.11778617	0
5	53.20374417	1
5	53.25374417	0
5	53.68822217	1
5	53.73822217	0
5	54.05937917	1
5	54.10937917	0
5	54.89747417	1
5	54.94747417	0
5	55.07706617	1
5	55.12706617	0
5	55.27152717	1
5	55.32152717	0
5	55.40033117	1
5	55.45033117	0
5	55.61174417	1
5	55.66174417	0
5	55.97502517	1
5	56.02502517	0
5	56.19053517	1
5	56.24053517	0
5	56.33420917	1
5	56.38420917	0
5	56.54971917	1
5	56.59971917	0
5	56.80114717	1
5	56.85114717	0
5	57.93856217	1
5	57.98856217	0
5	58.13012717	1
5	58.18012717	0
5	58.35761017	1
5	58.40761017	0
5	58.50128317	1
5	58.55128317	0
5	58.71679417	1
5	58.76679417	0
5	58.93230417	1
5	58.98230417	0
5	59.36332417	1
5	59.41332417	0
5	59.68658917	1
5	59.73658917	0
5	59.85420917	1
5	59.90420917	0
5	60.03380017	1
5	60.08380017	0
5	60.41693017	1
5	60.46693017	0
5	60.81203217	1
5	60.86203217	0
5	60.91978717	1
5	60.96978717	0
5	61.26699817	1
5	61.31699817	0
5	61.38672617	1
5	61.43672617	0
5	61.59026317	1
5	61.64026317	0
5	61.75788217	1
5	61.80788217	0
5	62.17693017	1
5	62.22693017	0
5	62.51541617	1
5	62.56541617	0
5	62.64386817	1
5	62.69386817	0
5	62.95516117	1
5	63.00516117	0
5	63.13475317	1
5	63.18475317	0
5	63.94890217	1
5	63.99890217	0
		1
5	64.08588317	1
5	64.13588317	0
5	64.54754217	1
5	64.59754217	0
5	64.69121517	1
5	64.74121517	0
5	64.85883417	1
5	64.90883417	0
5	65.31380017	1
5	65.36380017	0
6	0.323245298	1
6	0.373245298	0
6	0.568708743	1
6	0.618708743	0
6	1.039808743	1
6	1.089808743	0
6	1.422937743	1
6	1.472937743	0
6	1.590556743	1
6	1.640556743	0
6	1.730401743	1
6	1.780401743	0
6	2.380761743	1
6	2.430761743	0
6	2.600501743	1
6	2.650501743	0
6	2.847699743	1
6	2.897699743	0
6	3.206883743	1
6	3.256883743	0
6	3.379041743	1
6	3.429041743	0
6	3.534880743	1
6	3.584880743	0
6	4.739400743	1
6	4.789400743	0
6	4.967131743	1
6	5.017131743	0
6	5.972597743	1
6	6.022597743	0
6	6.738856743	1
6	6.788856743	0
6	7.229740743	1
6	7.279740743	0
6	7.529060743	1
6	7.579060743	0
6	7.756543743	1
6	7.806543743	0
6	8.211509743	1
6	8.261509743	0
6	8.566976743	1
6	8.616976743	0
6	8.654502743	1
6	8.704502743	0
6	8.917903743	1
6	8.967903743	0
6	9.013686743	1
6	9.063686743	0
6	9.469543743	1
6	9.519543743	0
6	9.612325743	1
6	9.662325743	0
6	9.839808743	1
6	9.889808743	0
6	10.90538674	1
6	10.95538674	0
6	11.07300574	1
6	11.12300574	0
6	11.14484274	1
6	11.19484274	0
6	11.48008074	1
6	11.53008074	0
6	11.67207674	1
6	11.72207674	0
6	13.28797174	1
6	13.33797174	0
6	13.68307374	1
6	13.73307374	0
6	13.85069374	1
6	13.90069374	0
6	14.05370274	1
6	14.10370274	0
6	14.13803974	1
6	14.18803974	0
6	14.35355074	1
6	14.40355074	0
6	15.04797174	1
6	15.09797174	0
6	15.20361874	1
6	15.25361874	0
6	15.37123774	1
6	15.42123774	0
6	15.73042074	1
6	15.78042074	0
6	15.93395874	1
6	15.98395874	0
6	16.07763174	1
6	16.12763174	0
6	16.22130574	1
6	16.27130574	0
6	16.55654374	1
6	16.60654374	0
6	16.69133574	1
6	16.74133574	0
6	16.74810774	1
6	16.79810774	0
6	18.05314174	1
6	18.10314174	0
6	18.26865274	1
6	18.31865274	0
6	18.55599974	1
6	18.60599974	0
6	18.87926474	1
6	18.92926474	0
6	19.01096574	1
6	19.06096574	0
6	19.08280174	1
6	19.13280174	0
6	19.22870174	1
6	19.27870174	0
6	19.48987674	1
6	19.53987674	0
6	19.88497874	1
6	19.93497874	0
6	20.95055674	1
6	21.00055674	0
6	21.44144174	1
6	21.49144174	0
6	21.58511474	1
6	21.63511474	0
6	21.83654374	1
6	21.88654374	0
6	22.18375474	1
6	22.23375474	0
6	22.45912874	1
6	22.50912874	0
6	23.41695174	1
6	23.46695174	0
6	23.54865274	1
6	23.59865274	0
6	23.62048874	1
6	23.67048874	0
6	23.90783574	1
6	23.95783574	0
6	24.24307374	1
6	24.29307374	0
6	24.37477474	1
6	24.42477474	0
6	24.74547574	1
6	24.79547574	0
6	24.86565874	1
6	24.91565874	0
6	25.26076174	1
6	25.31076174	0
6	25.79953674	1
6	25.84953674	0
6	26.09885674	1
6	26.14885674	0
6	27.21232574	1
6	27.26232574	0
6	27.36797174	1
6	27.41797174	0
6	27.53559074	1
6	27.58559074	0
6	27.73374674	1
6	27.78374674	0
6	27.79899274	1
6	27.84899274	0
6	28.20606774	1
6	28.25606774	0
6	28.28987674	1
6	28.33987674	0
6	28.40175074	1
6	28.45175074	0
6	29.27164574	1
6	29.32164574	0
6	29.58293774	1
6	29.63293774	0
6	29.81042074	1
6	29.86042074	0
6	30.22946874	1
6	30.27946874	0
6	30.39708774	1
6	30.44708774	0
6	30.50484274	1
6	30.55484274	0
6	31.00769974	1
6	31.05769974	0
6	31.18729174	1
6	31.23729174	0
6	31.45069374	1
6	31.50069374	0
6	31.81344474	1
6	31.86344474	0
6	31.92960474	1
6	31.97960474	0
6	32.19300574	1
6	32.24300574	0
6	32.30076174	1
6	32.35076174	0
6	32.52554174	1
6	32.57554174	0
6	32.67191774	1
6	32.72191774	0
6	33.06599374	1
6	33.11599374	0
6	33.22616174	1
6	33.27616174	0
6	33.34239374	1
6	33.39239374	0
6	33.62874474	1
6	33.67874474	0
6	33.70157774	1
6	33.75157774	0
6	34.63545474	1
6	34.68545474	0
6	34.88114474	1
6	34.93114474	0
6	35.05450274	1
6	35.10450274	0
6	35.33567474	1
6	35.38567474	0
6	35.47355074	1
6	35.52355074	0
6	36.08416274	1
6	36.13416274	0
6	36.21586374	1
6	36.26586374	0
6	36.47340974	1
6	36.52340974	0
6	36.59766974	1
6	36.64766974	0
6	36.72226874	1
6	36.77226874	0
6	37.65259774	1
6	37.70259774	0
6	37.85613574	1
6	37.90613574	0
6	38.02375474	1
6	38.07375474	0
6	38.35899274	1
6	38.40899274	0
6	38.77555674	1
6	38.82555674	0
6	38.90974074	1
6	38.95974074	0
6	39.02946874	1
6	39.07946874	0
6	39.22103374	1
6	39.27103374	0
6	39.52035274	1
6	39.57035274	0
6	39.59218974	1
6	39.64218974	0
6	40.35844874	1
6	40.40844874	0
6	40.50212174	1
6	40.55212174	0
6	40.60987674	1
6	40.65987674	0
6	40.98103374	1
6	41.03103374	0
6	41.20851674	1
6	41.25851674	0
6	41.43599974	1
6	41.48599974	0
6	41.75926474	1
6	41.80926474	0
6	41.92688374	1
6	41.97688374	0
6	42.06820674	1
6	42.11820674	0
6	43.01640774	1
6	43.06640774	0
6	43.25586374	1
6	43.30586374	0
6	43.55518274	1
6	43.60518274	0
6	44.05803974	1
6	44.10803974	0
6	44.17776774	1
6	44.22776774	0
6	44.23832374	1
6	44.28832374	0
6	44.72851674	1
6	44.77851674	0
6	45.13559074	1
6	45.18559074	0
6	45.55463874	1
6	45.60463874	0
6	45.87790374	1
6	45.92790374	0
6	46.06946874	1
6	46.11946874	0
6	46.30892474	1
6	46.35892474	0
6	46.69205374	1
6	46.74205374	0
6	46.88361874	1
6	46.93361874	0
6	46.99137374	1
6	47.04137374	0
6	47.26674774	1
6	47.31674774	0
6	47.36252974	1
6	47.41252974	0
6	47.79355074	1
6	47.84355074	0
6	48.09286974	1
6	48.14286974	0
6	48.30838074	1
6	48.35838074	0
6	48.44008074	1
6	48.49008074	0
6	49.61341474	1
6	49.66341474	0
6	49.79300574	1
6	49.84300574	0
6	49.91273374	1
6	49.96273374	0
6	50.40361874	1
6	50.45361874	0
6	50.58770274	1
6	50.63770274	0
6	50.91844874	1
6	50.96844874	0
6	50.99028474	1
6	51.04028474	0
6	51.88824474	1
6	51.93824474	0
6	52.05586374	1
6	52.10586374	0
6	52.23545474	1
6	52.28545474	0
6	52.38352774	1
6	52.43352774	0
6	52.61858474	1
6	52.66858474	0
6	53.51654374	1
6	53.56654374	0
6	53.64538874	1
6	53.69538874	0
6	53.85178174	1
6	53.90178174	0
6	54.21382874	1
6	54.26382874	0
6	54.30674774	1
6	54.35674774	0
6	54.46057374	1
6	54.51057374	0
6	54.71382274	1
6	54.76382274	0
6	54.79763174	1
6	54.84763174	0
6	54.95327874	1
6	55.00327874	0
6	55.24062474	1
6	55.29062474	0
6	55.46810774	1
6	55.51810774	0
6	55.86321074	1
6	55.91321074	0
6	55.94456674	1
6	55.99456674	0
6	56.17450274	1
6	56.22450274	0
6	56.32334174	1
6	56.37334174	0
6	56.61749574	1
6	56.66749574	0
6	57.04851674	1
6	57.09851674	0
6	57.40769974	1
6	57.45769974	0
6	58.34157774	1
6	58.39157774	0
6	58.54511474	1
6	58.59511474	0
6	58.85640774	1
6	58.90640774	0
6	59.41912874	1
6	59.46912874	0
6	59.70647574	1
6	59.75647574	0
6	59.77831274	1
6	59.82831274	0
6	60.64035274	1
6	60.69035274	0
6	61.19110174	1
6	61.24110174	0
6	61.38266574	1
6	61.43266574	0
6	61.56225774	1
6	61.61225774	0
6	61.82565874	1
6	61.87565874	0
6	62.10103374	1
6	62.15103374	0
6	62.26865274	1
6	62.31865274	0
6	62.43627174	1
6	62.48627174	0
6	62.66375474	1
6	62.71375474	0
7	0.586736359	1
7	0.636736359	0
7	1.179532195	1
7	1.229532195	0
7	1.418988195	1
7	1.468988195	0
7	1.694362195	1
7	1.744362195	0
7	2.051148195	1
7	2.101148195	0
7	2.304974195	1
7	2.354974195	0
7	2.747968195	1
7	2.797968195	0
7	2.999396195	1
7	3.049396195	0
7	3.370553195	1
7	3.420553195	0
7	4.256539195	1
7	4.306539195	0
7	4.460076195	1
7	4.510076195	0
7	4.711505195	1
7	4.761505195	0
7	4.795315195	1
7	4.845315195	0
7	5.274226195	1
7	5.324226195	0
7	6.507423195	1
7	6.557423195	0
7	6.639124195	1
7	6.689124195	0
7	6.806743195	1
7	6.856743195	0
7	7.201845195	1
7	7.251845195	0
7	7.440325195	1
7	7.490325195	0
7	7.668784195	1
7	7.718784195	0
7	7.974939195	1
7	8.024939195	0
7	8.068009195	1
7	8.118009195	0
7	8.494906195	1
7	8.544906195	0
7	8.937900195	1
7	8.987900195	0
7	9.835859195	1
7	9.885859195	0
7	10.03939619	1
7	10.08939619	0
7	10.56619919	1
7	10.61619919	0
7	11.02116519	1
7	11.07116519	0
7	11.60783219	1
7	11.65783219	0
7	11.75150519	1
7	11.80150519	0
7	11.92477219	1
7	11.97477219	0
7	12.05082519	1
7	12.10082519	0
7	12.30225319	1
7	12.35225319	0
7	12.69735519	1
7	12.74735519	0
7	12.86497419	1
7	12.91497419	0
7	13.03259319	1
7	13.08259319	0
7	13.12837619	1
7	13.17837619	0
7	13.20021319	1
7	13.25021319	0
7	13.55939619	1
7	13.60939619	0
7	13.65517919	1
7	13.70517919	0
7	13.75074419	1
7	13.80074419	0
7	15.16375019	1
7	15.21375019	0
7	15.29534219	1
7	15.34534219	0
7	15.87014419	1
7	15.92014419	0
7	16.21522319	1
7	16.26522319	0
7	16.32511019	1
7	16.37511019	0
7	16.79204919	1
7	16.84204919	0
7	16.92948519	1
7	16.97948519	0
7	17.13926019	1
7	17.18926019	0
7	17.50658319	1
7	17.55658319	0
7	17.59422619	1
7	17.64422619	0
7	17.69000819	1
7	17.74000819	0
7	17.96538319	1
7	18.01538319	0
7	18.18089319	1
7	18.23089319	0
7	18.33653919	1
7	18.38653919	0
7	19.29436219	1
7	19.34436219	0
7	19.43644819	1
7	19.48644819	0
7	19.57064319	1
7	19.62064319	0
7	19.88102919	1
7	19.93102919	0
7	20.14443019	1
7	20.19443019	0
7	20.25218519	1
7	20.30218519	0
7	20.40783219	1
7	20.45783219	0
7	20.60956819	1
7	20.65956819	0
7	20.92266119	1
7	20.97266119	0
7	21.19803619	1
7	21.24803619	0
7	21.32973619	1
7	21.37973619	0
7	22.42431519	1
7	22.47431519	0
7	22.98273719	1
7	23.03273719	0
7	23.13762719	1
7	23.18762719	0
7	23.22143719	1
7	23.27143719	0
7	23.65245719	1
7	23.70245719	0
7	23.97572319	1
7	24.02572319	0
7	24.33490619	1
7	24.38490619	0
7	24.56238919	1
7	24.61238919	0
7	24.86931419	1
7	24.91931419	0
7	25.22428019	1
7	25.27428019	0
7	25.32304019	1
7	25.37304019	0
7	25.63994019	1
7	25.68994019	0
7	26.17871619	1
7	26.22871619	0
7	26.40619919	1
7	26.45619919	0
7	26.64565519	1
7	26.69565519	0
7	26.83721919	1
7	26.88721919	0
7	27.26824019	1
7	27.31824019	0
7	28.32184519	1
7	28.37184519	0
7	28.52538319	1
7	28.57538319	0
7	28.97931419	1
7	29.02931419	0
7	29.14796819	1
7	29.19796819	0
7	29.28449919	1
7	29.33449919	0
7	29.37540519	1
7	29.42540519	0
7	29.71068919	1
7	29.76068919	0
7	30.23749119	1
7	30.28749119	0
7	30.57369419	1
7	30.62369419	0
7	31.08755919	1
7	31.13755919	0
7	31.47068919	1
7	31.52068919	0
7	32.57218519	1
7	32.62218519	0
7	32.77572319	1
7	32.82572319	0
7	33.15885219	1
7	33.20885219	0
7	33.24266119	1
7	33.29266119	0
7	33.56592719	1
7	33.61592719	0
7	33.94905619	1
7	33.99905619	0
7	34.20832419	1
7	34.25832419	0
7	34.32021319	1
7	34.37021319	0
7	34.39204919	1
7	34.44204919	0
7	35.06252519	1
7	35.11252519	0
7	35.24211719	1
7	35.29211719	0
7	35.37381819	1
7	35.42381819	0
7	35.55341019	1
7	35.60341019	0
7	36.15204919	1
7	36.20204919	0
7	36.60701519	1
7	36.65701519	0
7	36.81055319	1
7	36.86055319	0
7	38.83395419	1
7	38.88395419	0
7	39.28013419	1
7	39.33013419	0
7	39.71994019	1
7	39.76994019	0
7	39.80375019	1
7	39.85375019	0
7	40.31858019	1
7	40.36858019	0
7	40.55803619	1
7	40.60803619	0
		1
7	40.83341019	1
7	40.88341019	0
7	40.93295319	1
7	40.98295319	0
7	41.19259319	1
7	41.24259319	0
7	41.54468219	1
7	41.59468219	0
7	41.59966819	1
7	41.64966819	0
7	42.04266119	1
7	42.09266119	0
7	43.41953219	1
7	43.46953219	0
7	43.64701519	1
7	43.69701519	0
7	43.91041719	1
7	43.96041719	0
7	44.25762719	1
7	44.30762719	0
7	44.42524719	1
7	44.47524719	0
7	44.53300219	1
7	44.58300219	0
7	44.85626719	1
7	44.90626719	0
7	45.89790019	1
7	45.94790019	0
7	46.13735519	1
7	46.18735519	0
7	46.50851219	1
7	46.55851219	0
7	46.96347819	1
7	47.01347819	0
7	47.13082219	1
7	47.18082219	0
7	47.40647119	1
7	47.45647119	0
7	47.68184519	1
7	47.73184519	0
7	47.75368219	1
7	47.80368219	0
7	48.65164119	1
7	48.70164119	0
7	48.95096119	1
7	49.00096119	0
7	49.12994919	1
7	49.17994919	0
7	49.98056919	1
7	50.03056919	0
7	50.33980419	1
7	50.38980419	0
7	50.57926019	1
7	50.62926019	0
7	50.86934519	1
7	50.91934519	0
7	52.20755919	1
7	52.25755919	0
7	52.35123319	1
7	52.40123319	0
7	52.58276819	1
7	52.63276819	0
7	53.05762719	1
7	53.10762719	0
7	53.15341019	1
7	53.20341019	0
7	53.34497419	1
7	53.39497419	0
7	53.50062119	1
7	53.55062119	0
7	53.62034919	1
7	53.67034919	0
7	53.79994019	1
7	53.84994019	0
7	54.19504219	1
7	54.24504219	0
7	54.66198119	1
7	54.71198119	0
7	54.84157319	1
7	54.89157319	0
7	55.27451119	1
7	55.32451119	0
7	55.67966819	1
7	55.72966819	0
7	56.01490619	1
7	56.06490619	0
7	56.32619919	1
7	56.37619919	0
7	56.68538319	1
7	56.73538319	0
7	56.82905619	1
7	56.87905619	0
7	57.17626719	1
7	57.22626719	0
7	57.79885219	1
7	57.84885219	0
7	57.90660719	1
7	57.95660719	0
7	58.22987219	1
7	58.27987219	0
7	58.51721919	1
7	58.56721919	0
7	59.98987219	1
7	60.03987219	0
7	60.12157319	1
7	60.17157319	0
7	60.30116519	1
7	60.35116519	0
7	60.55259319	1
7	60.60259319	0
7	60.74593719	1
7	60.79593719	0
7	61.01953219	1
7	61.06953219	0
7	61.17517919	1
7	61.22517919	0
7	61.29490619	1
7	61.34490619	0
7	61.67583719	1
7	61.72583719	0
7	61.84565519	1
7	61.89565519	0
7	61.96538319	1
7	62.01538319	0
8	0.342	1
8	0.392	0
8	0.453316684	1
8	0.503316684	0
8	0.696698684	1
8	0.746698684	0
8	0.960099684	1
8	1.010099684	0
8	1.067854684	1
8	1.117854684	0
8	1.391120684	1
8	1.441120684	0
8	1.582684684	1
8	1.632684684	0
8	1.785899684	1
8	1.835899684	0
8	2.504589684	1
8	2.554589684	0
8	2.779963684	1
8	2.829963684	0
8	3.043431684	1
8	3.093431684	0
8	4.204725684	1
8	4.254725684	0
8	4.289338684	1
8	4.339338684	0
8	4.480099684	1
8	4.530099684	0
8	4.671664684	1
8	4.721664684	0
8	4.839283684	1
8	4.889283684	0
8	5.279842684	1
8	5.329842684	0
8	5.629487684	1
8	5.679487684	0
8	5.928807684	1
8	5.978807684	0
8	6.240099684	1
8	6.290099684	0
8	6.311936684	1
8	6.361936684	0
8	7.545133684	1
8	7.595133684	0
8	7.676834684	1
8	7.726834684	0
8	7.856426684	1
8	7.906426684	0
8	7.964181684	1
8	8.014181684	0
8	8.251528684	1
8	8.301528684	0
8	8.335337684	1
8	8.385337684	0
8	8.486719684	1
8	8.536719684	0
8	8.780278684	1
8	8.830278684	0
8	8.957922684	1
8	9.007922684	0
8	9.083297684	1
8	9.133297684	0
8	9.137514684	1
8	9.187514684	0
8	10.53833168	1
8	10.58833168	0
8	10.64608668	1
8	10.69608668	0
8	10.96554568	1
8	11.01554568	0
8	11.10105268	1
8	11.15105268	0
8	11.74758268	1
8	11.79758268	0
8	11.94114868	1
8	11.99114868	0
8	12.09754168	1
8	12.14754168	0
8	12.40608668	1
8	12.45608668	0
8	12.57370568	1
8	12.62370568	0
8	12.75329768	1
8	12.80329768	0
8	12.90864768	1
8	12.95864768	0
8	14.40554168	1
8	14.45554168	0
8	14.57316068	1
8	14.62316068	0
8	14.70486168	1
8	14.75486168	0
8	15.29152868	1
8	15.34152868	0
8	15.60282068	1
8	15.65282068	0
8	15.93805868	1
8	15.98805868	0
8	16.09962068	1
8	16.14962068	0
8	16.23737868	1
8	16.28737868	0
8	16.33316068	1
8	16.38316068	0
8	16.58878068	1
8	16.63878068	0
8	16.91982768	1
8	16.96982768	0
8	17.03955568	1
8	17.08955568	0
8	17.54241268	1
8	17.59241268	0
8	18.36853568	1
8	18.41853568	0
8	18.49050868	1
8	18.54050868	0
8	18.90731068	1
8	18.95731068	0
8	19.03901168	1
8	19.08901168	0
8	19.41016768	1
8	19.46016768	0
8	19.48200468	1
8	19.53200468	0
8	19.76935168	1
8	19.81935168	0
8	19.92499768	1
8	19.97499768	0
8	20.24826368	1
8	20.29826368	0
8	20.55240368	1
8	20.60240368	0
8	20.93071268	1
8	20.98071268	0
8	21.44554168	1
8	21.49554168	0
8	21.58921568	1
8	21.63921568	0
8	21.97234468	1
8	22.02234468	0
8	23.78023568	1
8	23.83023568	0
8	24.00771868	1
8	24.05771868	0
8	24.40282068	1
8	24.45282068	0
8	24.47465768	1
8	24.52465768	0
8	24.64227668	1
8	24.69227668	0
8	24.80989568	1
8	24.85989568	0
8	25.19302468	1
8	25.24302468	0
8	25.33669868	1
8	25.38669868	0
8	25.67193668	1
8	25.72193668	0
8	25.86350168	1
8	25.91350168	0
8	25.98322968	1
8	26.03322968	0
8	26.27057568	1
8	26.32057568	0
8	27.04880768	1
8	27.09880768	0
8	27.16853568	1
8	27.21853568	0
8	27.34812668	1
8	27.39812668	0
8	27.59955568	1
8	27.64955568	0
8	27.87492968	1
8	27.92492968	0
8	27.97071268	1
8	28.02071268	0
8	28.07846768	1
8	28.12846768	0
8	28.91656268	1
8	28.96656268	0
8	29.15601868	1
8	29.20601868	0
8	29.52717468	1
8	29.57717468	0
8	29.70676668	1
8	29.75676668	0
8	29.97016768	1
8	30.02016768	0
8	30.23356968	1
8	30.28356968	0
8	30.60134568	1
8	30.65134568	0
8	30.87189968	1
8	30.92189968	0
8	31.07166468	1
8	31.12166468	0
8	31.56254868	1
8	31.61254868	0
8	31.76500368	1
8	31.81500368	0
8	31.84989568	1
8	31.89989568	0
8	32.14921568	1
8	32.19921568	0
8	32.46050768	1
8	32.51050768	0
8	32.55502068	1
8	32.60502068	0
8	32.79574668	1
8	32.84574668	0
8	32.95139268	1
8	33.00139268	0
8	33.37043968	1
8	33.42043968	0
8	33.46622268	1
8	33.51622268	0
8	33.88526968	1
8	33.93526968	0
8	34.24679868	1
8	34.29679868	0
8	34.42404568	1
8	34.47404568	0
8	34.62758268	1
8	34.67758268	0
8	36.50731068	1
8	36.55731068	0
8	36.78268468	1
8	36.83268468	0
8	37.18975968	1
8	37.23975968	0
8	37.38132468	1
8	37.43132468	0
8	37.69563868	1
8	37.74563868	0
8	37.82431768	1
8	37.87431768	0
8	38.20744668	1
8	38.25744668	0
8	38.63846768	1
8	38.68846768	0
8	38.84414568	1
8	38.89414568	0
8	39.89560968	1
8	39.94560968	0
8	40.05125668	1
8	40.10125668	0
8	40.67384168	1
8	40.72384168	0
8	40.89738268	1
8	40.94738268	0
8	41.38023568	1
8	41.43023568	0
8	41.64335668	1
8	41.69335668	0
8	42.48531868	1
8	42.53531868	0
8	42.69526868	1
8	42.74526868	0
8	43.65506568	1
8	43.70506568	0
		1
8	43.78676668	1
8	43.83676668	0
8	44.02622268	1
8	44.07622268	0
8	44.09805868	1
8	44.14805868	0
8	44.37813868	1
8	44.42813868	0
8	44.50513368	1
8	44.55513368	0
8	44.60091668	1
8	44.65091668	0
8	44.98404568	1
8	45.03404568	0
8	45.14867568	1
8	45.19867568	0
8	45.19955568	1
8	45.24955568	0
8	45.61860368	1
8	45.66860368	0
8	46.21724268	1
8	46.26724268	0
8	46.37288868	1
8	46.42288868	0
8	46.46867168	1
8	46.51867168	0
8	47.09125668	1
8	47.14125668	0
8	47.47432668	1
8	47.52432668	0
8	48.13288868	1
8	48.18288868	0
8	48.81763268	1
8	48.86763268	0
8	49.19846768	1
8	49.24846768	0
8	49.41284968	1
8	49.46284968	0
8	49.50975968	1
8	49.55975968	0
8	49.68486368	1
8	49.73486368	0
8	50.09642668	1
8	50.14642668	0
8	51.05424968	1
8	51.10424968	0
8	51.25778668	1
8	51.30778668	0
8	51.42878868	1
8	51.47878868	0
8	51.71275268	1
8	51.76275268	0
8	52.07193668	1
8	52.12193668	0
8	52.32336568	1
8	52.37336568	0
8	52.38546568	1
8	52.43546568	0
8	52.67957768	1
8	52.72957768	0
8	53.07350368	1
8	53.12350368	0
8	53.44880768	1
8	53.49880768	0
8	53.58050768	1
8	53.63050768	0
8	53.68826368	1
8	53.73826368	0
8	54.20309268	1
8	54.25309268	0
8	54.44927568	1
8	54.49927568	0
8	54.90948768	1
8	54.95948768	0
8	55.06830168	1
8	55.11830168	0
8	55.29261668	1
8	55.34261668	0
8	55.54404568	1
8	55.59404568	0
8	55.66377368	1
8	55.71377368	0
8	55.85533768	1
8	55.90533768	0
8	56.19057568	1
8	56.24057568	0
8	56.36615368	1
8	56.41615368	0
8	56.44407368	1
8	56.49407368	0
9	0.432017422	1
9	0.482017422	0
9	1.046814784	1
9	1.096814784	0
9	1.198493784	1
9	1.248493784	0
9	1.394025784	1
9	1.444025784	0
9	1.753209784	1
9	1.803209784	0
9	2.133840784	1
9	2.183840784	0
9	2.351848784	1
9	2.401848784	0
9	2.709578784	1
9	2.759578784	0
9	2.789662784	1
9	2.839662784	0
9	3.118107784	1
9	3.168107784	0
9	3.441372784	1
9	3.491372784	0
9	3.531518784	1
9	3.581518784	0
9	3.620964784	1
9	3.670964784	0
9	3.980148784	1
9	4.030148784	0
9	4.470263784	1
9	4.520263784	0
9	4.591471784	1
9	4.641471784	0
9	5.488719784	1
9	5.538719784	0
9	5.584501784	1
9	5.634501784	0
9	5.805111784	1
9	5.855111784	0
9	5.991576784	1
9	6.041576784	0
9	6.219059784	1
9	6.269059784	0
9	6.747998784	1
9	6.797998784	0
9	7.069127784	1
9	7.119127784	0
9	7.308583784	1
9	7.358583784	0
9	7.957913784	1
9	8.007913784	0
9	8.266406784	1
9	8.316406784	0
9	8.711133784	1
9	8.761133784	0
9	8.810731784	1
9	8.860731784	0
9	8.876990784	1
9	8.926990784	0
9	9.320012784	1
9	9.370012784	0
9	10.15810778	1
9	10.20810778	0
9	10.32572678	1
9	10.37572678	0
9	10.61663678	1
9	10.66663678	0
9	10.82858378	1
9	10.87858378	0
9	11.00817578	1
9	11.05817578	0
9	11.41525078	1
9	11.46525078	0
9	11.95402578	1
9	12.00402578	0
9	12.03786078	1
9	12.08786078	0
9	12.30624978	1
9	12.35624978	0
9	12.89987678	1
9	12.94987678	0
9	13.70205278	1
9	13.75205278	0
9	13.92953578	1
9	13.97953578	0
9	14.31266578	1
9	14.36266578	0
9	14.48028478	1
9	14.53028478	0
9	14.91130478	1
9	14.96130478	0
9	15.13878778	1
9	15.18878778	0
9	15.58178078	1
9	15.63178078	0
9	15.67756378	1
9	15.72756378	0
9	16.27620278	1
9	16.32620278	0
9	16.70722278	1
9	16.75722278	0
9	16.85089678	1
9	16.90089678	0
9	17.19810778	1
9	17.24810778	0
9	17.30586278	1
9	17.35586278	0
9	17.65307378	1
9	17.70307378	0
9	18.37144078	1
9	18.42144078	0
9	18.70667878	1
9	18.75667878	0
9	19.52082878	1
9	19.57082878	0
9	19.65559478	1
9	19.70559478	0
9	19.73351478	1
9	19.78351478	0
9	20.02368578	1
9	20.07368578	0
9	20.39484178	1
9	20.44484178	0
9	20.77797178	1
9	20.82797178	0
9	21.01742778	1
9	21.06742778	0
9	21.42450178	1
9	21.47450178	0
9	21.60409378	1
9	21.65409378	0
9	21.75973978	1
9	21.80973978	0
9	21.92735978	1
9	21.97735978	0
9	22.18067778	1
9	22.23067778	0
9	22.33868078	1
9	22.38868078	0
9	22.54863078	1
9	22.59863078	0
9	23.23239378	1
9	23.28239378	0
9	23.42395778	1
9	23.47395778	0
9	23.55565878	1
9	23.60565878	0
9	23.67538678	1
9	23.72538678	0
9	23.79511478	1
9	23.84511478	0
9	24.07048878	1
9	24.12048878	0
9	24.21416178	1
9	24.26416178	0
9	24.58531878	1
9	24.63531878	0
9	25.07620278	1
9	25.12620278	0
9	25.49525078	1
9	25.54525078	0
9	25.69193578	1
9	25.74193578	0
9	25.74667878	1
9	25.79667878	0
9	26.12185278	1
9	26.17185278	0
9	26.23756378	1
9	26.28756378	0
9	26.68055678	1
9	26.73055678	0
9	27.87783578	1
9	27.92783578	0
9	27.98678578	1
9	28.03678578	0
9	28.16643278	1
9	28.21643278	0
9	28.28547678	1
9	28.33547678	0
9	28.64409378	1
9	28.69409378	0
9	29.25470578	1
9	29.30470578	0
9	29.45824378	1
9	29.50824378	0
9	29.60191678	1
9	29.65191678	0
9	29.74559078	1
9	29.79559078	0
9	30.14069278	1
9	30.19069278	0
9	30.46395778	1
9	30.51395778	0
9	30.60070978	1
9	30.65070978	0
9	30.66780778	1
9	30.71780778	0
9	31.05062478	1
9	31.10062478	0
9	31.44182278	1
9	31.49182278	0
9	32.34368578	1
9	32.39368578	0
9	32.44232778	1
9	32.49232778	0
9	32.52403678	1
9	32.57403678	0
9	32.97824378	1
9	33.02824378	0
9	33.36137278	1
9	33.41137278	0
9	33.49307378	1
9	33.54307378	0
9	34.04382178	1
9	34.09382178	0
9	34.21144078	1
9	34.26144078	0
9	34.37905978	1
9	34.42905978	0
9	34.78613478	1
9	34.83613478	0
9	34.88191678	1
9	34.93191678	0
9	36.83348178	1
9	36.88348178	0
9	37.27647478	1
9	37.32647478	0
9	37.53987678	1
9	37.58987678	0
9	37.86314178	1
9	37.91314178	0
9	38.05395178	1
9	38.10395178	0
9	38.40191678	1
9	38.45191678	0
9	38.76524378	1
9	38.81524378	0
9	39.51538678	1
9	39.56538678	0
9	39.71759178	1
9	39.76759178	0
9	40.16191678	1
9	40.21191678	0
9	40.52110078	1
9	40.57110078	0
9	40.62885578	1
9	40.67885578	0
9	41.07184878	1
9	41.12184878	0
9	41.65851578	1
9	41.70851578	0
9	41.83810778	1
9	41.88810778	0
9	42.28110078	1
9	42.33110078	0
9	42.48463778	1
9	42.53463778	0
9	42.92763178	1
9	42.97763178	0
9	43.77769978	1
9	43.82769978	0
9	43.92081278	1
9	43.97081278	0
9	44.31647478	1
9	44.36647478	0
9	44.49606678	1
9	44.54606678	0
9	45.05878778	1
9	45.10878778	0
9	45.12206978	1
9	45.17206978	0
9	45.41779278	1
9	45.46779278	0
9	45.59756378	1
9	45.64756378	0
9	45.99266578	1
9	46.04266578	0
9	46.52381478	1
9	46.57381478	0
9	46.69905978	1
9	46.74905978	0
9	47.22586278	1
9	47.27586278	0
9	48.21960378	1
9	48.26960378	0
9	48.97388978	1
9	49.02388978	0
9	49.95565878	1
9	50.00565878	0
9	50.35076078	1
9	50.40076078	0
9	50.84164478	1
9	50.89164478	0
9	51.40651578	1
9	51.45651578	0
9	51.57198478	1
9	51.62198478	0
9	51.83538678	1
9	51.88538678	0
9	52.20247578	1
9	52.25247578	0
9	53.83484178	1
9	53.88484178	0
9	54.08627078	1
9	54.13627078	0
9	54.39756378	1
9	54.44756378	0
9	55.04409378	1
9	55.09409378	0
9	55.42390078	1
9	55.47390078	0
9	55.53645078	1
9	55.58645078	0
10	1.051980798	1
10	1.101980798	0
10	1.160767	1
10	1.210767	0
10	1.308375	1
10	1.358375	0
10	2.14647	1
10	2.19647	0
10	2.787119	1
10	2.837119	0
10	3.069088	1
10	3.119088	0
10	3.670205	1
10	3.720205	0
10	3.810893	1
10	3.860893	0
10	4.110007	1
10	4.160007	0
10	4.193817	1
10	4.243817	0
10	4.602269	1
10	4.652269	0
10	4.780483	1
10	4.830483	0
10	4.907454	1
10	4.957454	0
10	5.004853	1
10	5.054853	0
10	6.456674	1
10	6.506674	0
10	6.616548	1
10	6.666548	0
10	6.895759	1
10	6.945759	0
10	7.007422	1
10	7.057422	0
10	7.246878	1
10	7.296878	0
10	8.24062	1
10	8.29062	0
10	8.396266	1
10	8.446266	0
10	8.575858	1
10	8.625858	0
10	8.851232	1
10	8.901232	0
10	9.078715	1
10	9.128715	0
10	9.354089	1
10	9.404089	0
10	9.737218	1
10	9.787218	0
10	10.371776	1
10	10.421776	0
10	10.52606	1
10	10.57606	0
10	10.623205	1
10	10.673205	0
10	11.042252	1
10	11.092252	0
10	11.395356	1
10	11.445356	0
10	11.581028	1
10	11.631028	0
10	11.688783	1
10	11.738783	0
10	11.856402	1
10	11.906402	0
10	12.167694	1
10	12.217694	0
10	12.335313	1
10	12.385313	0
10	12.514905	1
10	12.564905	0
10	12.742388	1
10	12.792388	0
10	12.969871	1
10	13.019871	0
10	13.13749	1
10	13.18749	0
10	13.364973	1
10	13.414973	0
10	13.772048	1
10	13.822048	0
10	13.891776	1
10	13.941776	0
10	14.286878	1
10	14.336878	0
10	14.514361	1
10	14.564361	0
10	14.598171	1
10	14.648171	0
10	14.933409	1
10	14.983409	0
10	15.376402	1
10	15.426402	0
10	15.670657	1
10	15.720657	0
10	15.891232	1
10	15.941232	0
10	16.214497	1
10	16.264497	0
10	17.782932	1
10	17.832932	0
10	18.166062	1
10	18.216062	0
10	18.513273	1
10	18.563273	0
10	18.728783	1
10	18.778783	0
10	19.075994	1
10	19.125994	0
10	19.363341	1
10	19.399259	1
10	19.449259	0
10	19.674633	1
10	19.724633	0
10	20.47681	1
10	20.52681	0
10	20.596538	1
10	20.646538	0
10	20.788103	1
10	20.838103	0
10	20.931776	1
10	20.981776	0
10	21.123341	1
10	21.173341	0
10	21.302932	1
10	21.352932	0
10	21.566334	1
10	21.616334	0
10	21.638171	1
10	21.688171	0
10	21.978912	1
10	22.028912	0
10	22.200892	1
10	22.250892	0
10	23.18266	1
10	23.23266	0
10	23.370085	1
10	23.420085	0
10	23.69749	1
10	23.74749	0
10	23.761846	1
10	23.811846	0
10	24.068647	1
10	24.118647	0
10	24.487694	1
10	24.537694	0
10	24.787014	1
10	24.837014	0
10	25.876538	1
10	25.926538	0
10	26.066158	1
10	26.116158	0
10	26.126762	1
10	26.176762	0
10	26.511096	1
10	26.561096	0
10	26.894225	1
10	26.944225	0
10	27.063155	1
10	27.113155	0
10	27.528783	1
10	27.578783	0
10	27.755772	1
10	27.805772	0
10	28.127422	1
10	28.177422	0
10	28.24715	1
10	28.29715	0
10	29.169055	1
10	29.219055	0
10	29.291711	1
10	29.341711	0
10	29.444429	1
10	29.494429	0
10	29.8826	1
10	29.9326	0
10	30.043068	1
10	30.093068	0
10	30.641708	1
10	30.691708	0
10	30.917082	1
10	30.967082	0
10	30.976946	1
10	31.026946	0
10	32.341844	1
10	32.391844	0
10	32.473545	1
10	32.523545	0
10	32.844701	1
10	32.894701	0
10	33.000347	1
10	33.050347	0
10	33.09613	1
10	33.14613	0
10	33.347558	1
10	33.397558	0
10	33.479259	1
10	33.529259	0
10	33.802524	1
10	33.852524	0
10	35.200401	1
10	35.250401	0
10	35.299123	1
10	35.349123	0
10	35.442796	1
10	35.492796	0
10	35.658307	1
10	35.708307	0
10	35.813953	1
10	35.863953	0
10	36.292864	1
10	36.342864	0
10	36.484429	1
10	36.534429	0
10	36.568239	1
10	36.618239	0
10	36.915449	1
10	36.965449	0
10	37.035177	1
10	37.085177	0
10	37.095041	1
10	37.145041	0
10	37.564513	1
10	37.614513	0
10	37.753545	1
10	37.803545	0
10	38.136674	1
10	38.186674	0
10	38.447966	1
10	38.497966	0
10	38.579667	1
10	38.629667	0
10	39.027666	1
10	39.077666	0
10	39.202252	1
10	39.252252	0
10	39.464076	1
10	39.514076	0
10	40.207966	1
10	40.257966	0
10	40.327694	1
10	40.377694	0
10	40.495313	1
10	40.545313	0
10	40.67832	1
10	40.72832	0
10	40.926334	1
10	40.976334	0
10	41.357354	1
10	41.407354	0
10	41.776402	1
10	41.826402	0
10	42.11164	1
10	42.16164	0
10	42.446878	1
10	42.496878	0
10	42.681776	1
10	42.731776	0
10	42.758171	1
10	42.808171	0
10	43.835722	1
10	43.885722	0
10	44.265333	1
10	44.315333	0
10	44.362524	1
10	44.412524	0
10	44.841436	1
10	44.891436	0
10	45.236538	1
10	45.286538	0
10	45.404157	1
10	45.454157	0
10	45.775313	1
10	45.825313	0
10	45.974426	1
10	46.024426	0
10	46.816946	1
10	46.866946	0
10	46.996538	1
10	47.046538	0
10	47.534175	1
10	47.584175	0
10	47.738851	1
10	47.788851	0
10	48.055802	1
10	48.105802	0
10	48.313545	1
10	48.363545	0
10	48.433273	1
10	48.483273	0
10	48.799561	1
10	48.849561	0
10	48.948103	1
10	48.998103	0
10	50.145381	1
10	50.195381	0
10	50.268403	1
10	50.318403	0
10	50.755994	1
10	50.805994	0
10	50.839803	1
10	50.889803	0
10	51.132009	1
10	51.182009	0
10	51.606062	1
10	51.656062	0
10	51.737762	1
10	51.787762	0
10	51.905381	1
10	51.955381	0
10	52.204701	1
10	52.254701	0
10	52.324429	1
10	52.374429	0
10	52.468103	1
10	52.518103	0
10	53.330143	1
10	53.380143	0
10	53.535131	1
10	53.585131	0
10	53.868919	1
10	53.918919	0
10	54.037468	1
10	54.087468	0
10	54.104375	1
10	54.154375	0
10	54.599259	1
10	54.649259	0
10	54.697428	1
10	54.747428	0
10	55.030279	1
10	55.080279	0
10	55.413409	1
10	55.463409	0
10	56.347286	1
10	56.397286	0
10	56.497428	1
10	56.547428	0
10	56.646606	1
10	56.696606	0
10	56.802252	1
10	56.852252	0
10	56.993817	1
10	57.043817	0
10	57.245245	1
10	57.295245	0
10	57.353	1
10	57.403	0
10	57.460756	1
10	57.510756	0
10	57.843885	1
10	57.893885	0
10	58.204357	1
10	58.254357	0
10	58.670007	1
10	58.720007	0
10	58.874526	1
10	58.924526	0
10	59.124973	1
10	59.174973	0
10	59.244701	1
10	59.294701	0
10	59.448239	1
10	59.498239	0
10	59.855313	1
10	59.905313	0
10	60.430007	1
10	60.480007	0
10	60.784961	1
10	60.834961	0
11	0.27448538	1
11	0.32448538	0
11	0.489783265	1
11	0.539783265	0
11	0.701863265	1
11	0.751863265	0
11	1.064477265	1
11	1.114477265	0
11	1.279987265	1
11	1.329987265	0
11	1.615225265	1
11	1.665225265	0
11	2.130055265	1
11	2.180055265	0
11	2.369511265	1
11	2.419511265	0
11	2.453320265	1
11	2.503320265	0
11	3.578762265	1
11	3.628762265	0
11	3.695823265	1
11	3.745823265	0
11	3.866109265	1
11	3.916109265	0
11	4.201347265	1
11	4.251347265	0
11	4.333048265	1
11	4.383048265	0
11	4.895769265	1
11	4.945769265	0
11	4.979579265	1
11	5.029579265	0
11	5.303189265	1
11	5.353189265	0
11	5.494409265	1
11	5.544409265	0
11	5.650055265	1
11	5.700055265	0
11	5.733864265	1
11	5.783864265	0
11	5.865565265	1
11	5.915565265	0
11	6.188830265	1
11	6.238830265	0
11	6.272640265	1
11	6.322640265	0
11	6.356450265	1
11	6.406450265	0
11	7.278354265	1
11	7.328354265	0
11	7.393222265	1
11	7.443222265	0
11	7.505837265	1
11	7.555837265	0
11	7.685429265	1
11	7.735429265	0
11	7.875889265	1
11	7.925889265	0
11	9.194001265	1
11	9.244001265	0
11	9.325252265	1
11	9.375252265	0
11	9.469375265	1
11	9.519375265	0
11	9.660939265	1
11	9.710939265	0
11	9.828558265	1
11	9.878558265	0
11	10.29549727	1
11	10.34549727	0
11	10.74864127	1
11	10.79864127	0
11	10.94202827	1
11	10.99202827	0
11	11.12162027	1
11	11.17162027	0
11	12.16325227	1
11	12.21325227	0
11	12.25903527	1
11	12.30903527	0
11	12.56379227	1
11	12.61379227	0
11	12.84733227	1
11	12.89733227	0
11	13.14502127	1
11	13.19502127	0
11	13.46828627	1
11	13.51828627	0
11	13.72765427	1
11	13.77765427	0
11	13.87483527	1
11	13.92483527	0
11	16.28696427	1
11	16.33696427	0
11	16.54529327	1
11	16.59529327	0
11	16.65188127	1
11	16.70188127	0
11	17.00025927	1
11	17.05025927	0
11	17.33454727	1
11	17.38454727	0
		1
11	17.69468127	1
11	17.74468127	0
11	18.20817227	1
11	18.25817227	0
11	18.42677927	1
11	18.47677927	0
11	19.08352427	1
11	19.13352427	0
11	19.30694727	1
11	19.35694727	0
11	19.76597327	1
11	19.81597327	0
11	19.90000027	1
11	19.95000027	0
11	20.38855827	1
11	20.43855827	0
11	20.66404327	1
11	20.71404327	0
11	21.80822127	1
11	21.85822127	0
11	21.95540227	1
11	22.00540227	0
11	22.55711327	1
11	22.60711327	0
11	22.68048627	1
11	22.73048627	0
11	22.80385827	1
11	22.85385827	0
11	23.05060327	1
11	23.10060327	0
11	23.38175627	1
11	23.43175627	0
11	23.77055327	1
11	23.82055327	0
11	25.46502127	1
11	25.51502127	0
11	25.67877427	1
11	25.72877427	0
11	26.12352427	1
11	26.17352427	0
11	26.38692627	1
11	26.43692627	0
11	26.79400127	1
11	26.84400127	0
11	27.15318427	1
11	27.20318427	0
11	27.34890827	1
11	27.39890827	0
11	28.04368927	1
11	28.09368927	0
11	28.13459527	1
11	28.18459527	0
11	28.35046327	1
11	28.40046327	0
11	28.67372827	1
11	28.72372827	0
11	29.14066727	1
11	29.19066727	0
11	29.57962927	1
11	29.62962927	0
11	30.36189227	1
11	30.41189227	0
11	30.50952927	1
11	30.55952927	0
11	31.09223227	1
11	31.14223227	0
11	31.20863927	1
11	31.25863927	0
11	31.67889927	1
11	31.72889927	0
11	32.12189227	1
11	32.17189227	0
11	32.44382327	1
11	32.49382327	0
11	33.13957927	1
11	33.18957927	0
11	33.30719827	1
11	33.35719827	0
11	33.41495327	1
11	33.46495327	0
11	33.67835427	1
11	33.72835427	0
11	34.09880627	1
11	34.14880627	0
11	34.31291227	1
11	34.36291227	0
11	34.54251427	1
11	34.59251427	0
11	35.46230027	1
11	35.51230027	0
11	35.62991927	1
11	35.67991927	0
		1
11	35.98910327	1
11	36.03910327	0
11	36.43209627	1
11	36.48209627	0
11	36.74338827	1
11	36.79338827	0
11	36.82719827	1
11	36.87719827	0
11	37.29413727	1
11	37.34413727	0
11	37.40227927	1
11	37.45227927	0
11	37.64134727	1
11	37.69134727	0
11	38.03645027	1
11	38.08645027	0
11	38.14420527	1
11	38.19420527	0
11	38.44352427	1
11	38.49352427	0
11	38.86029927	1
11	38.91029927	0
11	39.36028127	1
11	39.41028127	0
11	39.47716127	1
11	39.52716127	0
11	39.53304827	1
11	39.58304827	0
11	39.81697627	1
11	39.86697627	0
11	39.95209627	1
11	40.00209627	0
11	40.41903527	1
11	40.46903527	0
11	40.62257227	1
11	40.67257227	0
11	40.81413727	1
11	40.86413727	0
11	41.15605227	1
11	41.20605227	0
11	41.62828627	1
11	41.67828627	0
11	42.80162027	1
11	42.85162027	0
11	42.93332027	1
11	42.98332027	0
11	43.19672227	1
11	43.24672227	0
11	43.73549727	1
11	43.78549727	0
11	44.15454527	1
11	44.20454527	0
		1
11	44.42991927	1
11	44.47991927	0
11	44.78418927	1
11	44.83418927	0
11	44.92080327	1
11	44.97080327	0
11	45.44760627	1
11	45.49760627	0
11	45.53141627	1
11	45.58141627	0
11	45.73495327	1
11	45.78495327	0
11	45.96243627	1
11	46.01243627	0
11	47.53087127	1
11	47.58087127	0
11	47.61445627	1
11	47.66445627	0
11	47.73785527	1
11	47.78785527	0
11	47.87808227	1
11	47.92808227	0
11	48.21969227	1
11	48.26969227	0
11	48.56600027	1
11	48.61600027	0
11	49.42094927	1
11	49.47094927	0
11	49.59019127	1
11	49.64019127	0
11	49.92542927	1
11	49.97542927	0
11	50.31621827	1
11	50.36621827	0
11	50.44025927	1
11	50.49025927	0
11	50.87127927	1
11	50.92127927	0
11	50.94311627	1
11	50.99311627	0
11	51.15862627	1
11	51.20862627	0
11	51.42202827	1
11	51.47202827	0
11	51.84107527	1
11	51.89107527	0
11	52.37985127	1
11	52.42985127	0
11	52.51428327	1
11	52.56428327	0
11	52.65522527	1
11	52.70522527	0
11	53.05558027	1
11	53.10558027	0
11	53.42148427	1
11	53.47148427	0
11	53.64896727	1
11	53.69896727	0
		1
11	53.79717427	1
11	53.84717427	0
11	53.89024527	1
11	53.94024527	0
11	54.21168827	1
11	54.26168827	0
11	54.51732527	1
11	54.56732527	0
11	55.33114927	1
11	55.38114927	0
12	0.229476225	1
12	0.279476225	0
12	0.504358225	1
12	0.554358225	0
12	0.658032225	1
12	0.708032225	0
12	0.974924225	1
12	1.024924225	0
12	1.266236225	1
12	1.316236225	0
12	1.441863225	1
12	1.491863225	0
12	1.515146225	1
12	1.565146225	0
12	1.801046225	1
12	1.851046225	0
12	2.220094225	1
12	2.270094225	0
12	2.687033225	1
12	2.737033225	0
12	2.794788225	1
12	2.844788225	0
12	2.926489225	1
12	2.976489225	0
12	3.293501225	1
12	3.343501225	0
12	3.561046225	1
12	3.611046225	0
12	3.644856225	1
12	3.694856225	0
12	4.698461225	1
12	4.748461225	0
12	4.925944225	1
12	4.975944225	0
12	5.309074225	1
12	5.359074225	0
12	5.883767225	1
12	5.933767225	0
12	6.135196225	1
12	6.185196225	0
12	6.460615225	1
12	6.510615225	0
12	6.605632225	1
12	6.655632225	0
12	6.759306225	1
12	6.809306225	0
12	6.841591225	1
12	6.891591225	0
12	7.215196225	1
12	7.265196225	0
12	7.643767225	1
12	7.693767225	0
12	8.613563225	1
12	8.663563225	0
12	8.733291225	1
12	8.783291225	0
12	9.008665225	1
12	9.058665225	0
12	9.116421225	1
12	9.166421225	0
12	9.686169225	1
12	9.736169225	0
12	9.997846225	1
12	10.04784623	0
12	10.76866522	1
12	10.81866522	0
12	11.02009422	1
12	11.07009422	0
12	11.58281522	1
12	11.63281522	0
12	11.93204022	1
12	11.98204022	0
12	12.06623522	1
12	12.11623522	0
12	14.03723722	1
12	14.08723722	0
12	14.85138722	1
12	14.90138722	0
12	14.97902622	1
12	15.02902622	0
12	15.12676122	1
12	15.17676122	0
12	15.36356422	1
12	15.41356422	0
12	15.84512822	1
12	15.89512822	0
12	16.09655722	1
12	16.14655722	0
12	16.51640022	1
12	16.56640022	0
12	16.62895022	1
12	16.67895022	0
12	16.79561122	1
12	16.84561122	0
12	16.92267922	1
12	16.97267922	0
12	17.18608022	1
12	17.23608022	0
12	17.35369922	1
12	17.40369922	0
12	17.58482322	1
12	17.63482322	0
12	18.06009422	1
12	18.11009422	0
12	18.17982222	1
12	18.22982222	0
12	18.36185322	1
12	18.41185322	0
12	18.65873322	1
12	18.70873322	0
12	18.76648922	1
12	18.81648922	0
12	19.66444822	1
12	19.71444822	0
12	19.79822922	1
12	19.84822922	0
12	19.92784922	1
12	19.97784922	0
12	20.05955022	1
12	20.10955022	0
12	20.31097822	1
12	20.36097822	0
12	20.45465222	1
12	20.50465222	0
12	20.63520822	1
12	20.68520822	0
12	21.61601222	1
12	21.66601222	0
12	21.75968622	1
12	21.80968622	0
12	21.96322322	1
12	22.01322322	0
12	22.27451622	1
12	22.32451622	0
12	22.50199922	1
12	22.55199922	0
12	22.60975422	1
12	22.65975422	0
12	23.48376722	1
12	23.53376722	0
12	23.69927822	1
12	23.74927822	0
12	24.01057022	1
12	24.06057022	0
12	24.23805322	1
12	24.28805322	0
12	24.29119422	1
12	24.34119422	0
12	24.35778122	1
12	24.40778122	0
12	24.52312722	1
12	24.57312722	0
12	24.77682922	1
12	24.82682922	0
12	24.87261122	1
12	24.92261122	0
12	25.60295122	1
12	25.65295122	0
12	25.73520622	1
12	25.78520622	0
12	25.88671622	1
12	25.93671622	0
12	26.00582122	1
12	26.04594422	1
12	26.09594422	0
12	26.27342722	1
12	26.32342722	0
12	26.52874722	1
12	26.57874722	0
12	28.09329122	1
12	28.14329122	0
12	28.36866522	1
12	28.41866522	0
12	28.62009422	1
12	28.67009422	0
12	28.73304122	1
12	28.78304122	0
12	29.23070622	1
12	29.28070622	0
12	30.29628522	1
12	30.34628522	0
12	30.38440322	1
12	30.43440322	0
12	30.59651722	1
12	30.64651722	0
12	31.20621622	1
12	31.25621622	0
12	31.35759122	1
12	31.40759122	0
12	32.59506022	1
12	32.64506022	0
12	32.88134922	1
12	32.93134922	0
12	33.90446822	1
12	33.95446822	0
12	34.20039122	1
12	34.25039122	0
12	35.41247022	1
12	35.46247022	0
12	35.71116122	1
12	35.76116122	0
12	35.81574022	1
12	35.86574022	0
12	36.16272222	1
12	36.21272222	0
12	36.28267922	1
12	36.33267922	0
12	36.35451622	1
12	36.40451622	0
12	36.64186322	1
12	36.69186322	0
12	36.71369922	1
12	36.76369922	0
12	36.85737322	1
12	36.90737322	0
12	37.14472022	1
12	37.19472022	0
12	37.28839322	1
12	37.33839322	0
12	37.62363122	1
12	37.67363122	0
12	37.84378222	1
12	37.89378222	0
12	38.04267922	1
12	38.09267922	0
12	38.19832522	1
12	38.24832522	0
12	38.36594422	1
12	38.41594422	0
12	39.52730522	1
12	39.57730522	0
12	39.62012722	1
12	39.67012722	0
12	39.79070622	1
12	39.84070622	0
12	39.97029822	1
12	40.02029822	0
12	40.22183822	1
12	40.27183822	0
12	40.96404022	1
12	41.01404022	0
12	41.03587622	1
12	41.08587622	0
12	41.34246222	1
12	41.39246222	0
12	41.45492422	1
12	41.50492422	0
12	41.64648922	1
12	41.69648922	0
12	42.05356322	1
12	42.10356322	0
12	42.12540022	1
12	42.17540022	0
12	42.44866522	1
12	42.49866522	0
12	43.71778122	1
12	43.76778122	0
12	43.87342722	1
12	43.92342722	0
12	43.99315522	1
12	44.04315522	0
12	44.34292322	1
12	44.39292322	0
		1
		1
12	44.65165922	1
12	44.70165922	0
12	45.22635322	1
12	45.27635322	0
12	45.67792422	1
12	45.72792422	0
12	45.89682922	1
12	45.94682922	0
12	46.06444822	1
12	46.11444822	0
12	46.32784922	1
12	46.37784922	0
		1
		1
		1
		1