passage	time	value
1	0.046	1
1	0.296	0
1	0.562721	1
1	0.784543	1
1	1.034543	0
1	1.256929	1
1	1.352925	1
1	1.602925	0
1	1.616327	1
1	1.866327	0
1	2.310749	1
1	2.560749	0
1	2.799918	1
1	2.938712	1
1	3.188712	0
1	3.30449	1
1	3.484082	1
1	3.654596	1
1	3.904596	0
1	4.106667	1
1	4.274286	1
1	4.398799	1
1	4.648799	0
1	4.785961	1
1	4.908844	1
1	5.034329	1
1	5.284329	0
1	5.435647	1
1	5.685647	0
1	5.890613	1
1	6.051306	1
1	6.301306	0
1	7.147755	1
1	7.380186	1
1	7.4995	1
1	7.7495	0
1	7.957925	1
1	8.207925	0
		1
1	8.261225	1
1	8.511225	0
1	8.560545	1
1	8.776055	1
1	8.88381	1
1	9.13381	0
1	9.231021	1
1	9.31483	1
1	9.56483	0
1	9.709932	1
1	9.959932	0
1	9.961361	1
1	10.211361	0
1	10.811429	1
1	10.926947	1
1	11.014966	1
1	11.264966	0
1	11.29034	1
1	11.422041	1
1	11.672041	0
1	11.928449	1
1	12.033452	1
1	12.283452	0
1	12.882923	1
1	13.013482	1
1	13.263482	0
1	13.777672	1
1	13.943927	1
1	14.110704	1
1	14.226852	1
1	14.407012	1
1	14.657012	0
1	14.726531	1
1	14.822313	1
1	15.034115	1
1	15.284115	0
1	15.430794	1
1	15.680794	0
1	15.847213	1
1	16.097213	0
1	16.232225	1
1	16.482225	0
1	16.567652	1
1	16.817652	0
1	17.109154	1
1	17.266659	1
1	17.516659	0
1	19.526536	1
1	19.721958	1
1	19.926131	1
1	20.17415	1
1	20.42415	0
1	20.928436	1
1	21.024218	1
1	21.269652	1
1	21.50313	1
1	21.75313	0
1	22.165075	1
1	22.413062	1
1	22.641249	1
1	22.736327	1
1	22.927891	1
1	23.177891	0
1	23.382857	1
1	23.51412	1
1	23.598368	1
1	23.848368	0
1	23.897687	1
1	24.147687	0
1	24.161089	1
1	24.364626	1
1	24.483259	1
1	24.733259	0
1	24.735783	1
1	24.985783	0
1	25.059048	1
1	25.309048	0
1	25.541189	1
1	25.680794	1
1	25.930794	0
1	26.878912	1
1	27.128912	0
1	27.142313	1
1	27.314162	1
1	27.564162	0
1	27.776871	1
1	27.884626	1
1	28.134626	0
1	28.255783	1
1	28.376346	1
1	28.626346	0
1	28.818504	1
1	29.068504	0
1	29.297415	1
1	29.477007	1
1	29.608708	1
1	29.858708	0
1	29.872109	1
1	29.95905	1
1	30.20905	0
1	30.36463	1
1	30.458776	1
1	30.708776	0
1	30.840804	1
1	31.021497	1
1	31.177122	1
1	31.427122	0
1	31.512381	1
1	31.586956	1
1	31.836956	0
1	32.833264	1
1	33.035638	1
1	33.285638	0
1	34.074558	1
1	34.190765	1
1	34.440765	0
1	34.565443	1
1	34.815443	0
1	34.972517	1
1	35.140136	1
1	35.390136	0
1	35.511293	1
1	35.761293	0
1	35.945261	1
1	36.157823	1
1	36.407823	0
1	36.564898	1
1	36.768436	1
1	37.018436	0
1	38.468572	1
1	38.632328	1
1	38.80381	1
1	39.05381	0
1	39.174966	1
1	39.424966	0
1	39.468477	1
1	39.718477	0
1	40.04898	1
1	40.29898	0
1	40.773225	1
1	40.934966	1
1	41.184966	0
1	41.820953	1
1	42.042964	1
1	42.204082	1
1	42.454082	0
1	42.611157	1
1	42.802721	1
1	42.900757	1
1	43.133433	1
1	43.383433	0
1	43.473198	1
1	43.723198	0
1	43.784524	1
1	43.954431	1
1	44.059864	1
1	44.155647	1
1	44.405647	0
1	44.466939	1
1	44.632655	1
1	44.802177	1
1	44.909932	1
1	45.159932	0
1	45.258174	1
1	45.496599	1
1	45.689575	1
1	45.939575	0
1	46.805793	1
1	46.935658	1
1	47.185658	0
1	47.651701	1
1	47.771429	1
1	48.021429	0
1	48.307503	1
1	48.372361	1
1	48.573606	1
		1
1	48.718395	1
1	48.968395	0
1	50.06082	1
1	50.180945	1
1	50.361373	1
1	50.602707	1
1	50.724997	1
1	50.974997	0
1	51.051973	1
1	51.301973	0
1	51.722449	1
1	51.818232	1
1	52.068232	0
1	52.213334	1
1	52.333062	1
1	52.553259	1
1	52.803259	0
1	52.92836	1
1	53.150214	1
1	53.386667	1
1	53.557126	1
1	53.793742	1
1	54.043742	0
1	54.12898	1
1	54.368436	1
1	54.618436	0
1	54.691701	1
1	54.823402	1
1	55.050885	1
1	55.146667	1
1	55.396667	0
1	55.626219	1
1	55.734441	1
1	55.885951	1
1	56.135951	0
1	56.195464	1
1	56.439728	1
1	56.689728	0
2	0.479839572	1
2	0.592424402	1
2	0.810806402	1
2	0.912952402	1
2	1.162952402	0
2	1.415810402	1
2	1.665810402	0
2	1.918667402	1
2	2.168667402	0
2	2.385605402	1
2	2.557777402	1
2	2.807777402	0
2	3.211728402	1
2	3.431803402	1
2	3.595218402	1
2	3.790771402	1
2	4.040771402	0
2	4.384907402	1
2	4.634907402	0
2	5.637331402	1
2	5.747717402	1
2	5.997717402	0
2	6.073224402	1
2	6.286257402	1
2	6.536257402	0
2	6.887374402	1
2	6.992943402	1
2	7.150775402	1
2	7.400775402	0
2	7.541223402	1
2	7.791223402	0
2	8.467782402	1
2	8.717782402	0
2	8.946694402	1
2	9.196694402	0
2	9.365741402	1
2	9.557306402	1
2	9.696188402	1
2	9.946188402	0
2	10.1080544	1
2	10.3256874	1
2	10.4425664	1
2	10.6925664	0
2	10.8503674	1
2	11.1003674	0
2	11.3053334	1
2	11.3771704	1
2	11.6271704	0
2	12.1913204	1
2	12.3150514	1
2	12.4278374	1
2	12.5354954	1
2	12.7854954	0
2	12.9096874	1
2	13.1596874	0
2	13.3209554	1
2	13.5709554	0
2	13.7505944	1
2	13.8315924	1
2	14.0815924	0
2	14.2027484	1
2	14.3713834	1
2	14.6213834	0
2	14.7563734	1
2	14.8570194	1
2	15.1070194	0
2	15.2922724	1
2	15.5422724	0
2	15.8430204	1
2	16.0930204	0
2	16.1249724	1
2	16.1782584	1
2	16.4282584	0
2	16.5853334	1
2	16.7050614	1
2	16.9550614	0
2	16.9804354	1
2	17.1816424	1
2	17.3169194	1
2	17.5669194	0
2	18.0100954	1
2	18.2600954	0
2	18.2734974	1
2	18.5234974	0
2	18.6566264	1
2	18.8172454	1
2	19.0672454	0
2	20.0813884	1
2	20.2968984	1
2	20.5468984	0
2	20.5483274	1
2	20.7983274	0
2	20.9434294	1
2	21.0392114	1
2	21.2892114	0
2	21.4103674	1
2	21.6603674	0
2	21.8665724	1
2	22.1165724	0
2	22.4041094	1
2	22.5977474	1
2	22.8477474	0
2	23.5894154	1
2	23.8394154	0
2	23.8647894	1
2	24.1147894	0
2	24.2479184	1
2	24.3796194	1
2	24.6296194	0
2	24.6888614	1
2	24.7866944	1
2	24.9782584	1
2	25.1339054	1
2	25.3839054	0
2	25.4691434	1
2	25.6916714	1
2	25.7988114	1
2	26.0488114	0
2	26.1875104	1
2	26.4375104	0
2	26.5227484	1
2	26.7727484	0
2	26.8220684	1
2	27.0720684	0
2	27.1009914	1
2	27.2092134	1
2	27.4592134	0
2	28.6539054	1
2	28.8555384	1
2	29.1055384	0
2	29.2764904	1
2	29.5264904	0
2	29.8392114	1
2	30.0892114	0
2	30.1744494	1
2	30.3537254	1
2	30.6037254	0
2	30.7611164	1
2	31.0111164	0
2	31.1847124	1
2	31.4347124	0
2	31.7069664	1
2	31.9569664	0
2	31.9823404	1
2	32.2323404	0
2	32.3775904	1
2	32.6275904	0
2	33.1915924	1
2	33.4415924	0
2	33.4658944	1
2	33.5866944	1
2	33.6705034	1
2	33.9205034	0
2	34.0775784	1
2	34.2451974	1
2	34.4726804	1
2	34.5684634	1
2	34.7251894	1
2	34.9359684	1
2	35.1859684	0
2	36.4990384	1
2	36.5866974	1
2	36.8366974	0
2	36.9630204	1
2	37.1545854	1
2	37.3092894	1
2	37.5592894	0
2	37.6848174	1
2	37.8729524	1
2	38.0506054	1
2	38.1270404	1
2	38.3770404	0
2	38.5314564	1
2	38.7110484	1
2	38.9610484	0
2	39.0103674	1
2	39.2603674	0
2	39.6090074	1
2	39.7885994	1
2	40.0041094	1
2	40.2541094	0
2	40.2555374	1
2	40.5055374	0
2	40.8422044	1
2	41.0922044	0
2	41.4528164	1
2	41.7028164	0
2	41.7985404	1
2	42.0485404	0
2	42.7219324	1
2	42.8468034	1
2	43.0968034	0
2	43.2607074	1
2	43.4437824	1
2	43.6191014	1
2	43.6677824	1
2	43.9177824	0
2	44.2065584	1
2	44.2903674	1
2	44.5403674	0
2	44.5548144	1
2	44.8048144	0
2	44.8416004	1
2	45.0916004	0
2	45.3433954	1
2	45.5933954	0
2	45.8588034	1
2	46.1088034	0
2	46.1940414	1
2	46.4215244	1
2	46.6715244	0
2	46.6729524	1
2	46.9229524	0
2	47.1039734	1
2	47.3539734	0
2	47.4631564	1
		1
		1
		1
		1
2	47.6700554	1
2	47.7624764	1
2	48.0124764	0
2	48.1934974	1
2	48.4434974	0
2	48.5287354	1
2	48.7787354	0
2	50.2168984	1
2	50.4668984	0
2	50.5641094	1
2	50.6958104	1
2	50.9458104	0
2	50.9951294	1
2	51.1747214	1
2	51.4247214	0
2	51.5339054	1
2	51.7839054	0
2	52.1325444	1
2	52.1874444	1
2	52.4374444	0
2	52.4438374	1
2	52.6592904	1
2	52.9092904	0
2	52.9445924	1
2	53.1945924	0
2	54.0841094	1
2	54.2320244	1
2	54.3954014	1
2	54.5989394	1
2	54.8489394	0
2	55.1504224	1
2	55.3053334	1
2	55.5553334	0
2	55.6284084	1
2	55.7602994	1
2	55.9398914	1
2	56.1793474	1
2	56.4293474	0
2	56.8617964	1
2	56.9934974	1
2	57.2434974	0
2	57.2449254	1
2	57.4949254	0
2	57.6156304	1
2	57.8656304	0
2	57.8794834	1
2	58.0111844	1
2	58.1660754	1
2	58.4160754	0
2	58.5156304	1
2	58.6816604	1
2	58.8612524	1
2	59.1112524	0
2	59.1485994	1
2	59.2511584	1
2	59.5011584	0
2	59.6873744	1
2	59.9373744	0
3	0.478723402	1
3	0.728723402	0
3	0.986269787	1
3	1.201780787	1
3	1.451780787	0
3	1.501099787	1
3	1.604642787	1
3	1.836337787	1
3	2.086337787	0
3	2.183548787	1
3	2.315249787	1
3	2.565249787	0
3	2.602596787	1
3	2.842052787	1
3	2.961780787	1
3	3.143827787	1
3	3.332936787	1
3	3.582936787	0
3	3.716065787	1
3	3.966065787	0
3	4.506269787	1
3	4.611587787	1
3	4.721780787	1
3	4.889399787	1
3	5.057018787	1
3	5.307018787	0
3	5.308446787	1
3	5.446654787	1
3	5.695563787	1
3	5.945563787	0
3	7.200147787	1
3	7.403684787	1
3	7.653684787	0
3	7.667086787	1
3	7.913297787	1
3	8.026269787	1
3	8.110079787	1
3	8.360079787	0
3	8.487551787	1
3	8.565045787	1
3	8.667198787	1
3	8.917198787	0
3	9.522868787	1
3	9.679748787	1
3	9.929748787	0
3	10.07361679	1
3	10.20531779	1
3	10.33701879	1
3	10.46871879	1
3	10.71871879	0
3	10.80395679	1
3	10.97157679	1
3	11.22157679	0
3	11.55766779	1
3	11.76178079	1
3	12.01178079	0
3	14.07252879	1
3	14.32043479	1
3	14.47960379	1
3	14.72960379	0
3	14.75497779	1
3	15.00497779	0
3	15.00640579	1
3	15.24713779	1
3	15.49713779	0
3	15.78066979	1
3	15.90436579	1
3	16.15436579	0
3	16.37130379	1
3	16.54214579	1
3	16.72362579	1
3	16.91007979	1
3	17.16007979	0
3	18.27497779	1
3	18.45456979	1
3	18.69402479	1
3	18.94402479	0
3	18.96623079	1
3	19.05320879	1
3	19.30320879	0
3	19.47225679	1
3	19.63987579	1
3	19.80749479	1
3	19.89130379	1
3	19.98708679	1
3	20.23708679	0
3	20.45402479	1
3	20.52586179	1
3	20.72939979	1
3	20.97939979	0
3	21.66327679	1
3	21.80789779	1
3	22.00702479	1
3	22.25702479	0
3	22.57196479	1
3	22.82196479	0
3	23.11249479	1
3	23.36249479	0
3	24.33320879	1
3	24.46490979	1
3	24.54871879	1
3	24.69239279	1
3	24.94239279	0
3	25.04467379	1
3	25.29467379	0
3	25.78191679	1
3	25.90463179	1
3	26.10518179	1
3	26.35518179	0
3	27.24259679	1
3	27.42218879	1
3	27.57783479	1
3	27.76956379	1
3	27.93701879	1
3	28.03280079	1
3	28.28280079	0
3	28.35606579	1
3	28.45184879	1
3	28.70184879	0
3	28.70327679	1
3	28.87089579	1
3	29.12089579	0
3	29.17021579	1
3	29.24205279	1
3	29.49205279	0
3	29.61320879	1
3	29.86320879	0
		1
3	30.41538579	1
3	30.57975079	1
3	30.75062379	1
3	31.00062379	0
3	31.20558979	1
3	31.28939979	1
3	31.48191579	1
3	31.60636979	1
3	31.85636979	0
3	31.94790279	1
3	32.11244379	1
3	32.21130379	1
3	32.30183079	1
3	32.55183079	0
3	32.80994379	1
3	32.89375279	1
3	33.09729079	1
3	33.31280079	1
3	33.56280079	0
3	33.74353779	1
3	33.99353779	0
3	35.74327679	1
3	35.99327679	0
3	36.53985379	1
3	36.69745379	1
3	36.94745379	0
3	37.12014779	1
3	37.25262979	1
3	37.50262979	0
3	37.91008579	1
3	38.16008579	0
3	38.25314779	1
3	38.50314779	0
3	38.52478379	1
3	38.58082779	1
3	38.83082779	0
3	38.85445579	1
3	39.05973979	1
3	39.30973979	0
3	39.34469879	1
3	39.40695079	1
3	39.61048779	1
3	39.86048779	0
3	39.88586179	1
3	40.13586179	0
3	40.47252879	1
3	40.55633779	1
3	40.80633779	0
3	41.02327679	1
3	41.27327679	0
3	41.27470579	1
3	41.52470579	0
3	42.67552179	1
3	42.92552179	0
3	43.00499679	1
3	43.25499679	0
3	43.52558979	1
3	43.66323679	1
3	43.76783279	1
3	43.95661079	1
3	44.20661079	0
3	44.25592979	1
3	44.37565779	1
3	44.51420779	1
3	44.76420779	0
3	45.42502979	1
3	45.67502979	0
3	45.72658979	1
3	45.81239279	1
3	46.00234879	1
3	46.11171279	1
3	46.32722279	1
3	46.57722279	0
3	46.81303279	1
3	47.06303279	0
3	47.10374579	1
3	47.24876179	1
3	47.49876179	0
3	47.52689079	1
3	47.68014779	1
3	47.82382079	1
3	48.07382079	0
3	48.07625279	1
3	48.25484179	1
3	48.36628679	1
3	48.61628679	0
3	48.66191679	1
3	48.74572579	1
3	48.86911379	1
3	49.11911379	0
3	50.01484179	1
3	50.24312279	1
3	50.42191679	1
3	50.67191679	0
3	50.68426379	1
3	50.93426379	0
3	51.08674579	1
3	51.33674579	0
3	52.75661079	1
3	53.00661079	0
3	53.76232479	1
3	54.01232479	0
3	54.89973979	1
3	55.14973979	0
3	55.98926379	1
3	56.08979379	1
3	56.15689079	1
3	56.40689079	0
3	56.43225679	1
3	56.68225679	0
3	57.00927379	1
3	57.25927379	0
3	57.28232479	1
3	57.45149679	1
3	57.59651379	1
3	57.84651379	0
3	58.81484179	1
3	58.99095979	1
3	59.24095979	0
3	59.42545379	1
3	59.67545379	0
3	59.71888679	1
3	59.94028379	1
3	60.19028379	0
3	60.45575679	1
3	60.56654879	1
3	60.64667879	1
3	60.89667879	0
3	61.05375279	1
3	61.26926379	1
3	61.51926379	0
3	61.59139379	1
3	61.84139379	0
3	62.07143979	1
3	62.26300479	1
3	62.51300479	0
3	62.53837879	1
3	62.78837879	0
		1
4	0.398385787	1
4	0.648385787	0
4	0.689427631	1
4	0.840937631	1
4	1.090937631	0
4	1.126349631	1
4	1.376349631	0
4	1.542891631	1
4	1.772879631	1
4	1.844716631	1
4	2.094716631	0
4	2.251791631	1
4	2.347573631	1
4	2.485197631	1
4	2.735197631	0
4	3.125805631	1
4	3.353288631	1
4	3.473015631	1
4	3.723015631	0
4	3.808254631	1
4	3.990834631	1
4	4.155464631	1
4	4.405464631	0
4	4.632185631	1
4	4.882185631	0
4	5.077369631	1
4	5.327369631	0
4	5.460498631	1
4	5.710498631	0
4	5.903492631	1
4	6.153492631	0
4	6.262675631	1
4	6.346485631	1
4	6.596485631	0
4	7.172607631	1
4	7.253283631	1
4	7.388559631	1
4	7.638559631	0
4	7.699410631	1
4	7.949410631	0
4	8.094512631	1
4	8.250158631	1
4	8.465668631	1
4	8.715668631	0
4	8.860771631	1
4	9.110771631	0
4	9.219954631	1
4	9.339682631	1
4	9.567165631	1
4	9.794648631	1
4	9.926349631	1
4	10.08199563	1
4	10.33199563	0
4	10.51044763	1
4	10.60879863	1
4	10.72852663	1
4	10.97852663	0
4	11.11381763	1
4	11.36381763	0
4	11.74621363	1
4	11.95457563	1
4	12.06387963	1
4	12.28498863	1
4	12.44063463	1
4	12.64462563	1
4	12.75192763	1
4	13.00192763	0
4	13.24281163	1
4	13.47324963	1
4	13.72324963	0
4	14.23655363	1
4	14.41614563	1
4	14.66614563	0
4	14.85699863	1
4	15.10699863	0
4	15.11056663	1
4	15.19437663	1
4	15.44437663	0
4	15.75709763	1
4	15.93668963	1
4	16.09233563	1
4	16.27192763	1
4	16.43954663	1
4	16.58322063	1
4	16.77246763	1
4	17.02246763	0
4	17.08607763	1
4	17.28976663	1
4	17.53976663	0
4	18.00798163	1
4	18.25798163	0
4	18.31422063	1
4	18.42702963	1
4	18.61859463	1
4	18.79818563	1
4	19.04818563	0
4	19.31301563	1
4	19.38505963	1
4	19.63505963	0
4	19.67375863	1
4	19.78522663	1
4	20.03522663	0
4	20.63002263	1
4	20.88002263	0
4	21.12090763	1
4	21.36644463	1
4	21.43219963	1
4	21.68219963	0
4	21.71954663	1
4	21.81532863	1
4	22.06532863	0
4	22.11464863	1
4	22.36464863	0
4	23.18022663	1
4	23.34784563	1
4	23.51076263	1
4	23.65036763	1
4	23.90036763	0
4	24.00634963	1
4	24.17712863	1
4	24.42712863	0
4	24.82182563	1
4	24.94022663	1
4	25.19022663	0
4	25.57799163	1
4	25.70940763	1
4	25.77832263	1
4	26.02832263	0
4	26.11436663	1
4	26.36436663	0
4	27.16716563	1
4	27.41716563	0
4	27.59113663	1
4	27.84113663	0
4	28.00526063	1
4	28.25526063	0
		1
		1
4	28.35477763	1
4	28.60477763	0
4	28.68770963	1
4	28.84335663	1
4	29.09335663	0
4	29.40607763	1
4	29.65607763	0
4	30.17233563	1
4	30.31600963	1
4	30.56600963	0
4	30.89070263	1
4	31.14070263	0
4	31.93233563	1
		1
4	32.08798163	1
4	32.31546463	1
4	32.43519263	1
4	32.55492063	1
4	32.80492063	0
4	32.89015863	1
4	33.14015863	0
4	33.27328863	1
4	33.52328863	0
4	33.70494363	1
4	33.81316563	1
4	34.06316563	0
4	35.16498863	1
4	35.41498863	0
4	35.61995463	1
4	35.85941063	1
4	36.10941063	0
4	36.26648563	1
4	36.51648563	0
4	37.59546463	1
4	37.73208963	1
4	37.98208963	0
4	38.12817963	1
4	38.24181263	1
4	38.40054563	1
4	38.65054563	0
4	38.79274363	1
4	39.04274363	0
4	39.11600963	1
4	39.35546463	1
4	39.60546463	0
4	39.88226763	1
4	40.07216363	1
4	40.32216363	0
4	41.04362863	1
4	41.29362863	0
4	41.40281163	1
4	41.65281163	0
4	41.69015863	1
4	41.80957263	1
4	41.92961463	1
4	42.17961463	0
4	42.24090763	1
4	42.33668963	1
4	42.57203263	1
4	42.72981063	1
4	42.97981063	0
4	43.04308363	1
4	43.15083963	1
4	43.40083963	0
4	43.66566863	1
4	43.83328863	1
4	44.08328863	0
4	44.10866263	1
4	44.25233563	1
4	44.41995463	1
4	44.66995463	0
4	44.81505663	1
4	45.06505663	0
4	46.10811763	1
4	46.25192363	1
4	46.50192363	0
4	47.24553263	1
4	47.49553263	0
4	47.56879863	1
4	47.81879863	0
4	48.95285963	1
4	49.10869863	1
4	49.35274363	1
4	49.60274363	0
4	49.69995463	1
4	49.94995463	0
4	49.96335663	1
4	50.09505663	1
4	50.34505663	0
4	50.44226763	1
4	50.56199563	1
4	50.76290263	1
4	51.01290263	0
4	51.24444463	1
4	51.45995463	1
4	51.70995463	0
4	51.92689363	1
4	52.06513863	1
4	52.20226763	1
4	52.37652063	1
4	52.48961463	1
4	52.73961463	0
4	52.87317663	1
4	52.97145863	1
4	53.21995463	1
4	53.33968263	1
4	53.58968263	0
4	53.61505663	1
4	53.86505663	0
4	55.17151963	1
4	55.23582963	1
4	55.40110663	1
4	55.60253963	1
4	55.77015863	1
4	55.92580563	1
4	56.17580563	0
4	56.21315163	1
4	56.38657763	1
4	56.57233563	1
4	56.73995463	1
4	56.96743763	1
4	57.03927463	1
4	57.11111163	1
4	57.36111163	0
4	57.60199563	1
4	57.85199563	0
4	57.86539663	1
4	57.99709763	1
4	58.24709763	0
4	59.03873063	1
4	59.28873063	0
4	59.37396863	1
4	59.62396863	0
4	60.03247163	1
4	60.27228563	1
4	60.51457663	1
4	60.62911563	1
4	60.87911563	0
4	61.23515563	1
4	61.40908963	1
4	61.65908963	0
4	63.22920663	1
4	63.28054363	1
4	63.46866263	1
4	63.71866263	0
4	63.74156763	1
4	63.80390063	1
4	64.05390063	0
4	64.32668563	1
4	64.41084863	1
4	64.56802363	1
4	64.81802363	0
4	65.36036263	1
4	65.61036263	0
4	65.79138363	1
4	66.04138363	0
4	66.51241563	1
4	66.65526763	1
4	66.73779663	1
4	66.85223063	1
4	67.10223063	0
4	67.25244963	1
4	67.44362863	1
4	67.65913863	1
4	67.90913863	0
4	68.03985163	1
4	68.15456663	1
4	68.26278763	1
4	68.43736963	1
4	68.59301563	1
4	68.76063463	1
4	69.01063463	0
4	69.12991863	1
4	69.37991863	0
5	0.561145631	1
5	0.689847173	1
5	0.936113173	1
5	1.115705173	1
5	1.365705173	0
5	1.618562173	1
5	1.858018173	1
5	2.107547173	1
5	2.220976173	1
5	2.312984173	1
5	2.528494173	1
5	2.648222173	1
5	2.847481173	1
5	3.097481173	0
5	4.108902173	1
5	4.358902173	0
5	4.527950173	1
5	4.666011173	1
5	4.803324173	1
5	5.053324173	0
5	5.126589173	1
5	5.261374173	1
5	5.371760173	1
5	5.621760173	0
5	6.383732173	1
5	6.633732173	0
5	6.833959173	1
5	6.910535173	1
5	7.113220173	1
5	7.305637173	1
5	7.437338173	1
5	7.687338173	0
5	7.704109173	1
5	7.877263173	1
5	8.127263173	0
5	9.664277173	1
5	9.914277173	0
5	10.26291617	1
5	10.51291617	0
5	10.81366417	1
5	11.06366417	0
5	11.98699817	1
5	12.15461717	1
5	12.32223617	1
5	12.57223617	0
5	12.71894017	1
5	12.96894017	0
5	13.01979617	1
5	13.13638517	1
5	13.38638517	0
5	13.45965117	1
5	13.66318817	1
5	13.91318817	0
5	14.08223617	1
5	14.32169217	1
5	14.57169217	0
5	14.64495717	1
5	14.89495717	0
5	15.19176917	1
5	15.44176917	0
5	16.79702417	1
5	17.04702417	0
5	17.12403517	1
5	17.31648717	1
5	17.56648717	0
5	17.64764417	1
5	17.80577317	1
5	18.05577317	0
5	18.18890217	1
5	18.43890217	0
5	18.56005917	1
5	18.81005917	0
5	18.92607117	1
5	19.00305217	1
5	19.25305217	0
5	19.31350417	1
5	19.56350417	0
5	20.90959317	1
5	21.15959317	0
5	21.25590217	1
5	21.48749517	1
5	21.59138817	1
5	21.84138817	0
5	23.12299917	1
5	23.22256217	1
5	23.45848517	1
5	23.56870017	1
5	23.64895517	1
5	23.89895517	0
5	24.04359617	1
5	24.15261217	1
5	24.40261217	0
5	24.61147117	1
5	24.73801817	1
5	24.98801817	0
5	25.07249417	1
5	25.18504417	1
5	25.43504417	0
5	25.48033117	1
5	25.73033117	0
5	26.76141917	1
5	27.01141917	0
5	27.09665817	1
5	27.26427717	1
5	27.51271417	1
5	27.59951517	1
5	27.84951517	0
5	27.92278017	1
5	28.03053517	1
5	28.13829017	1
5	28.38829017	0
5	28.47352817	1
5	28.66509317	1
5	28.91509317	0
5	29.01230417	1
5	29.26230417	0
5	29.89829017	1
5	30.06590917	1
5	30.10182817	1
5	30.34671017	1
5	30.59671017	0
5	30.73638517	1
5	30.82019517	1
5	30.97584117	1
5	31.20165917	1
5	31.26007417	1
5	31.34018317	1
5	31.59018317	0
5	31.75407217	1
5	31.96958317	1
5	32.06536517	1
5	32.31536517	0
5	32.33718017	1
5	32.58019517	1
5	32.65203217	1
5	32.90203217	0
5	33.74155517	1
5	33.84931117	1
5	34.00050617	1
5	34.10073917	1
5	34.35073917	0
5	34.37743117	1
5	34.62743117	0
5	34.69127317	1
5	34.74727017	1
5	34.99727017	0
5	35.16631717	1
5	35.25538517	1
5	35.50538517	0
5	36.35162417	1
5	36.51924317	1
5	36.62699817	1
5	36.87699817	0
5	37.15380017	1
5	37.40380017	0
5	37.40522917	1
5	37.65522917	0
5	37.79375817	1
5	37.86302017	1
5	38.11302017	0
5	39.51244017	1
5	39.71597717	1
5	39.96597717	0
5	39.96740617	1
5	40.21740617	0
5	40.43434517	1
5	40.68434517	0
5	40.82944717	1
5	40.94917517	1
5	41.15271217	1
5	41.40025117	1
5	41.65025117	0
5	42.38590917	1
5	42.55092317	1
5	42.80092317	0
5	42.81693017	1
5	43.00849417	1
5	43.25849417	0
5	43.42754217	1
5	43.58318817	1
5	43.83318817	0
5	44.13393617	1
5	44.21774617	1
5	44.27761017	1
5	44.52761017	0
5	44.64876617	1
5	44.89876617	0
5	44.91805217	1
5	45.09176017	1
5	45.34176017	0
5	45.91788217	1
5	46.06006617	1
5	46.31006617	0
5	46.48862317	1
5	46.68414117	1
5	46.93414117	0
5	47.54618117	1
5	47.66590917	1
5	47.91590917	0
5	48.07298417	1
5	48.30372817	1
5	48.55372817	0
5	49.13856217	1
5	49.29685017	1
5	49.54685017	0
5	50.07342517	1
5	50.22493517	1
5	50.47493517	0
5	50.54743517	1
5	50.72426417	1
5	50.97426417	0
5	51.94933017	1
5	52.06188017	1
5	52.15258617	1
5	52.40258617	0
5	52.55080717	1
5	52.68250817	1
5	52.86210017	1
5	53.06778617	1
5	53.20374417	1
5	53.45374417	0
5	53.68822217	1
5	53.93822217	0
5	54.05937917	1
5	54.30937917	0
5	54.89747417	1
5	55.07706617	1
5	55.27152717	1
5	55.40033117	1
5	55.61174417	1
5	55.86174417	0
5	55.97502517	1
5	56.19053517	1
5	56.33420917	1
5	56.54971917	1
5	56.79971917	0
5	56.80114717	1
5	57.05114717	0
5	57.93856217	1
5	58.13012717	1
5	58.35761017	1
5	58.50128317	1
5	58.71679417	1
5	58.93230417	1
5	59.18230417	0
5	59.36332417	1
5	59.61332417	0
5	59.68658917	1
5	59.85420917	1
5	60.03380017	1
5	60.28380017	0
5	60.41693017	1
5	60.66693017	0
5	60.81203217	1
5	60.91978717	1
5	61.16978717	0
5	61.26699817	1
5	61.38672617	1
5	61.59026317	1
5	61.75788217	1
5	62.00788217	0
5	62.17693017	1
5	62.42693017	0
5	62.51541617	1
5	62.64386817	1
5	62.89386817	0
5	62.95516117	1
5	63.13475317	1
5	63.38475317	0
5	63.94890217	1
		1
5	64.08588317	1
5	64.33588317	0
5	64.54754217	1
5	64.69121517	1
5	64.85883417	1
5	65.10883417	0
5	65.31380017	1
5	65.56380017	0
6	0.323245298	1
6	0.568708743	1
6	0.818708743	0
6	1.039808743	1
6	1.289808743	0
6	1.422937743	1
6	1.590556743	1
6	1.730401743	1
6	1.980401743	0
6	2.380761743	1
6	2.600501743	1
6	2.847699743	1
6	3.097699743	0
6	3.206883743	1
6	3.379041743	1
6	3.534880743	1
6	3.784880743	0
6	4.739400743	1
6	4.967131743	1
6	5.217131743	0
6	5.972597743	1
6	6.222597743	0
6	6.738856743	1
6	6.988856743	0
6	7.229740743	1
6	7.479740743	0
6	7.529060743	1
6	7.756543743	1
6	8.006543743	0
6	8.211509743	1
6	8.461509743	0
6	8.566976743	1
6	8.654502743	1
6	8.904502743	0
6	8.917903743	1
6	9.013686743	1
6	9.263686743	0
6	9.469543743	1
6	9.612325743	1
6	9.839808743	1
6	10.08980874	0
6	10.90538674	1
6	11.07300574	1
6	11.14484274	1
6	11.39484274	0
6	11.48008074	1
6	11.67207674	1
6	11.92207674	0
6	13.28797174	1
6	13.53797174	0
6	13.68307374	1
6	13.85069374	1
6	14.05370274	1
6	14.13803974	1
6	14.35355074	1
6	14.60355074	0
6	15.04797174	1
6	15.20361874	1
6	15.37123774	1
6	15.62123774	0
6	15.73042074	1
6	15.93395874	1
6	16.07763174	1
6	16.22130574	1
6	16.47130574	0
6	16.55654374	1
6	16.69133574	1
6	16.74810774	1
6	16.99810774	0
6	18.05314174	1
6	18.26865274	1
6	18.51865274	0
6	18.55599974	1
6	18.80599974	0
6	18.87926474	1
6	19.01096574	1
6	19.08280174	1
6	19.22870174	1
6	19.47870174	0
6	19.48987674	1
6	19.73987674	0
6	19.88497874	1
6	20.13497874	0
6	20.95055674	1
6	21.20055674	0
6	21.44144174	1
6	21.58511474	1
6	21.83511474	0
6	21.83654374	1
6	22.08654374	0
6	22.18375474	1
6	22.43375474	0
6	22.45912874	1
6	22.70912874	0
6	23.41695174	1
6	23.54865274	1
6	23.62048874	1
6	23.87048874	0
6	23.90783574	1
6	24.15783574	0
6	24.24307374	1
6	24.37477474	1
6	24.62477474	0
6	24.74547574	1
6	24.86565874	1
6	25.11565874	0
6	25.26076174	1
6	25.51076174	0
6	25.79953674	1
6	26.04953674	0
6	26.09885674	1
6	26.34885674	0
6	27.21232574	1
6	27.36797174	1
6	27.53559074	1
6	27.73374674	1
6	27.79899274	1
6	28.04899274	0
6	28.20606774	1
6	28.28987674	1
6	28.40175074	1
6	28.65175074	0
6	29.27164574	1
6	29.52164574	0
6	29.58293774	1
6	29.81042074	1
6	30.06042074	0
6	30.22946874	1
6	30.39708774	1
6	30.50484274	1
6	30.75484274	0
6	31.00769974	1
6	31.18729174	1
6	31.43729174	0
6	31.45069374	1
6	31.70069374	0
6	31.81344474	1
6	31.92960474	1
6	32.17960474	0
6	32.19300574	1
6	32.30076174	1
6	32.52554174	1
6	32.67191774	1
6	32.92191774	0
6	33.06599374	1
6	33.22616174	1
6	33.34239374	1
6	33.59239374	0
6	33.62874474	1
6	33.70157774	1
6	33.95157774	0
6	34.63545474	1
6	34.88114474	1
6	35.05450274	1
6	35.30450274	0
6	35.33567474	1
6	35.47355074	1
6	35.72355074	0
6	36.08416274	1
6	36.21586374	1
6	36.46586374	0
6	36.47340974	1
6	36.59766974	1
6	36.72226874	1
6	36.97226874	0
6	37.65259774	1
6	37.85613574	1
6	38.02375474	1
6	38.27375474	0
6	38.35899274	1
6	38.60899274	0
6	38.77555674	1
6	38.90974074	1
6	39.02946874	1
6	39.22103374	1
6	39.47103374	0
6	39.52035274	1
6	39.59218974	1
6	39.84218974	0
6	40.35844874	1
6	40.50212174	1
6	40.60987674	1
6	40.85987674	0
6	40.98103374	1
6	41.20851674	1
6	41.43599974	1
6	41.68599974	0
6	41.75926474	1
6	41.92688374	1
6	42.06820674	1
6	42.31820674	0
6	43.01640774	1
6	43.25586374	1
6	43.50586374	0
6	43.55518274	1
6	43.80518274	0
6	44.05803974	1
6	44.17776774	1
6	44.23832374	1
6	44.48832374	0
6	44.72851674	1
6	44.97851674	0
6	45.13559074	1
6	45.38559074	0
6	45.55463874	1
6	45.80463874	0
6	45.87790374	1
6	46.06946874	1
6	46.30892474	1
6	46.55892474	0
6	46.69205374	1
6	46.88361874	1
6	46.99137374	1
6	47.24137374	0
6	47.26674774	1
6	47.36252974	1
6	47.61252974	0
6	47.79355074	1
6	48.04355074	0
6	48.09286974	1
6	48.30838074	1
6	48.44008074	1
6	48.69008074	0
6	49.61341474	1
6	49.79300574	1
6	49.91273374	1
6	50.16273374	0
6	50.40361874	1
6	50.58770274	1
6	50.83770274	0
6	50.91844874	1
6	50.99028474	1
6	51.24028474	0
6	51.88824474	1
6	52.05586374	1
6	52.23545474	1
6	52.38352774	1
6	52.61858474	1
6	52.86858474	0
6	53.51654374	1
6	53.64538874	1
6	53.85178174	1
6	54.10178174	0
6	54.21382874	1
6	54.30674774	1
6	54.46057374	1
6	54.71057374	0
6	54.71382274	1
6	54.79763174	1
6	54.95327874	1
6	55.20327874	0
6	55.24062474	1
6	55.46810774	1
6	55.71810774	0
6	55.86321074	1
6	55.94456674	1
6	56.17450274	1
6	56.32334174	1
6	56.57334174	0
6	56.61749574	1
6	56.86749574	0
6	57.04851674	1
6	57.29851674	0
6	57.40769974	1
6	57.65769974	0
6	58.34157774	1
6	58.54511474	1
6	58.79511474	0
6	58.85640774	1
6	59.10640774	0
6	59.41912874	1
6	59.66912874	0
6	59.70647574	1
6	59.77831274	1
6	60.02831274	0
6	60.64035274	1
6	60.89035274	0
6	61.19110174	1
6	61.38266574	1
6	61.56225774	1
6	61.81225774	0
6	61.82565874	1
6	62.07565874	0
6	62.10103374	1
6	62.26865274	1
6	62.43627174	1
6	62.66375474	1
6	62.91375474	0
7	0.586736359	1
7	0.836736359	0
7	1.179532195	1
7	1.418988195	1
7	1.668988195	0
7	1.694362195	1
7	1.944362195	0
7	2.051148195	1
7	2.301148195	0
7	2.304974195	1
7	2.554974195	0
7	2.747968195	1
7	2.997968195	0
7	2.999396195	1
7	3.249396195	0
7	3.370553195	1
7	3.620553195	0
7	4.256539195	1
7	4.460076195	1
7	4.710076195	0
7	4.711505195	1
7	4.795315195	1
7	5.045315195	0
7	5.274226195	1
7	5.524226195	0
7	6.507423195	1
7	6.639124195	1
7	6.806743195	1
7	7.056743195	0
7	7.201845195	1
7	7.440325195	1
7	7.668784195	1
7	7.918784195	0
7	7.974939195	1
7	8.068009195	1
7	8.318009195	0
7	8.494906195	1
7	8.744906195	0
7	8.937900195	1
7	9.187900195	0
7	9.835859195	1
7	10.03939619	1
7	10.28939619	0
7	10.56619919	1
7	10.81619919	0
7	11.02116519	1
7	11.27116519	0
7	11.60783219	1
7	11.75150519	1
7	11.92477219	1
7	12.05082519	1
7	12.30082519	0
7	12.30225319	1
7	12.55225319	0
7	12.69735519	1
7	12.86497419	1
7	13.03259319	1
7	13.12837619	1
7	13.20021319	1
7	13.45021319	0
7	13.55939619	1
7	13.65517919	1
7	13.75074419	1
7	14.00074419	0
7	15.16375019	1
7	15.29534219	1
7	15.54534219	0
7	15.87014419	1
7	16.12014419	0
7	16.21522319	1
7	16.32511019	1
7	16.57511019	0
7	16.79204919	1
7	16.92948519	1
7	17.13926019	1
7	17.38926019	0
7	17.50658319	1
7	17.59422619	1
7	17.69000819	1
7	17.94000819	0
7	17.96538319	1
7	18.18089319	1
7	18.33653919	1
7	18.58653919	0
7	19.29436219	1
7	19.43644819	1
7	19.57064319	1
7	19.82064319	0
7	19.88102919	1
7	20.13102919	0
7	20.14443019	1
7	20.25218519	1
7	20.40783219	1
7	20.60956819	1
7	20.85956819	0
7	20.92266119	1
7	21.17266119	0
7	21.19803619	1
7	21.32973619	1
7	21.57973619	0
7	22.42431519	1
7	22.67431519	0
7	22.98273719	1
7	23.13762719	1
7	23.22143719	1
7	23.47143719	0
7	23.65245719	1
7	23.90245719	0
7	23.97572319	1
7	24.22572319	0
7	24.33490619	1
7	24.56238919	1
7	24.81238919	0
7	24.86931419	1
7	25.11931419	0
7	25.22428019	1
7	25.32304019	1
7	25.57304019	0
7	25.63994019	1
7	25.88994019	0
7	26.17871619	1
7	26.40619919	1
7	26.64565519	1
7	26.83721919	1
7	27.08721919	0
7	27.26824019	1
7	27.51824019	0
7	28.32184519	1
7	28.52538319	1
7	28.77538319	0
7	28.97931419	1
7	29.14796819	1
7	29.28449919	1
7	29.37540519	1
7	29.62540519	0
7	29.71068919	1
7	29.96068919	0
7	30.23749119	1
7	30.48749119	0
7	30.57369419	1
7	30.82369419	0
7	31.08755919	1
7	31.33755919	0
7	31.47068919	1
7	31.72068919	0
7	32.57218519	1
7	32.77572319	1
7	33.02572319	0
7	33.15885219	1
7	33.24266119	1
7	33.49266119	0
7	33.56592719	1
7	33.81592719	0
7	33.94905619	1
7	34.19905619	0
7	34.20832419	1
7	34.32021319	1
7	34.39204919	1
7	34.64204919	0
7	35.06252519	1
7	35.24211719	1
7	35.37381819	1
7	35.55341019	1
7	35.80341019	0
7	36.15204919	1
7	36.40204919	0
7	36.60701519	1
7	36.81055319	1
7	37.06055319	0
7	38.83395419	1
7	39.08395419	0
7	39.28013419	1
7	39.53013419	0
7	39.71994019	1
7	39.80375019	1
7	40.05375019	0
7	40.31858019	1
7	40.55803619	1
7	40.80803619	0
		1
7	40.83341019	1
7	40.93295319	1
7	41.18295319	0
7	41.19259319	1
7	41.44259319	0
7	41.54468219	1
7	41.59966819	1
7	41.84966819	0
7	42.04266119	1
7	42.29266119	0
7	43.41953219	1
7	43.64701519	1
7	43.89701519	0
7	43.91041719	1
7	44.16041719	0
7	44.25762719	1
7	44.42524719	1
7	44.53300219	1
7	44.78300219	0
7	44.85626719	1
7	45.10626719	0
7	45.89790019	1
7	46.13735519	1
7	46.38735519	0
7	46.50851219	1
7	46.75851219	0
7	46.96347819	1
7	47.13082219	1
7	47.38082219	0
7	47.40647119	1
7	47.65647119	0
7	47.68184519	1
7	47.75368219	1
7	48.00368219	0
7	48.65164119	1
7	48.90164119	0
7	48.95096119	1
7	49.12994919	1
7	49.37994919	0
7	49.98056919	1
7	50.23056919	0
7	50.33980419	1
7	50.57926019	1
7	50.82926019	0
7	50.86934519	1
7	51.11934519	0
7	52.20755919	1
7	52.35123319	1
7	52.58276819	1
7	52.83276819	0
7	53.05762719	1
7	53.15341019	1
7	53.34497419	1
7	53.50062119	1
7	53.62034919	1
7	53.79994019	1
7	54.04994019	0
7	54.19504219	1
7	54.44504219	0
7	54.66198119	1
7	54.84157319	1
7	55.09157319	0
7	55.27451119	1
7	55.52451119	0
7	55.67966819	1
7	55.92966819	0
7	56.01490619	1
7	56.26490619	0
7	56.32619919	1
7	56.57619919	0
7	56.68538319	1
7	56.82905619	1
7	57.07905619	0
7	57.17626719	1
7	57.42626719	0
7	57.79885219	1
7	57.90660719	1
7	58.15660719	0
7	58.22987219	1
7	58.47987219	0
7	58.51721919	1
7	58.76721919	0
7	59.98987219	1
7	60.12157319	1
7	60.30116519	1
7	60.55116519	0
7	60.55259319	1
7	60.74593719	1
7	60.99593719	0
7	61.01953219	1
7	61.17517919	1
7	61.29490619	1
7	61.54490619	0
7	61.67583719	1
7	61.84565519	1
7	61.96538319	1
7	62.21538319	0
8	0.342	1
8	0.453316684	1
8	0.696698684	1
8	0.946698684	0
8	0.960099684	1
8	1.067854684	1
8	1.317854684	0
8	1.391120684	1
8	1.582684684	1
8	1.785899684	1
8	2.035899684	0
8	2.504589684	1
8	2.754589684	0
8	2.779963684	1
8	3.029963684	0
8	3.043431684	1
8	3.293431684	0
8	4.204725684	1
8	4.289338684	1
8	4.480099684	1
8	4.671664684	1
8	4.839283684	1
8	5.089283684	0
8	5.279842684	1
8	5.529842684	0
8	5.629487684	1
8	5.879487684	0
8	5.928807684	1
8	6.178807684	0
8	6.240099684	1
8	6.311936684	1
8	6.561936684	0
8	7.545133684	1
8	7.676834684	1
8	7.856426684	1
8	7.964181684	1
8	8.214181684	0
8	8.251528684	1
8	8.335337684	1
8	8.486719684	1
8	8.736719684	0
8	8.780278684	1
8	8.957922684	1
8	9.083297684	1
8	9.137514684	1
8	9.387514684	0
8	10.53833168	1
8	10.64608668	1
8	10.89608668	0
8	10.96554568	1
8	11.10105268	1
8	11.35105268	0
8	11.74758268	1
8	11.94114868	1
8	12.09754168	1
8	12.34754168	0
8	12.40608668	1
8	12.57370568	1
8	12.75329768	1
8	12.90864768	1
8	13.15864768	0
8	14.40554168	1
8	14.57316068	1
8	14.70486168	1
8	14.95486168	0
8	15.29152868	1
8	15.54152868	0
8	15.60282068	1
8	15.85282068	0
8	15.93805868	1
8	16.09962068	1
8	16.23737868	1
8	16.33316068	1
8	16.58316068	0
8	16.58878068	1
8	16.83878068	0
8	16.91982768	1
8	17.03955568	1
8	17.28955568	0
8	17.54241268	1
8	17.79241268	0
8	18.36853568	1
8	18.49050868	1
8	18.74050868	0
8	18.90731068	1
8	19.03901168	1
8	19.28901168	0
8	19.41016768	1
8	19.48200468	1
8	19.73200468	0
8	19.76935168	1
8	19.92499768	1
8	20.17499768	0
8	20.24826368	1
8	20.49826368	0
8	20.55240368	1
8	20.80240368	0
8	20.93071268	1
8	21.18071268	0
8	21.44554168	1
8	21.58921568	1
8	21.83921568	0
8	21.97234468	1
8	22.22234468	0
8	23.78023568	1
8	24.00771868	1
8	24.25771868	0
8	24.40282068	1
8	24.47465768	1
8	24.64227668	1
8	24.80989568	1
8	25.05989568	0
8	25.19302468	1
8	25.33669868	1
8	25.58669868	0
8	25.67193668	1
8	25.86350168	1
8	25.98322968	1
8	26.23322968	0
8	26.27057568	1
8	26.52057568	0
8	27.04880768	1
8	27.16853568	1
8	27.34812668	1
8	27.59812668	0
8	27.59955568	1
8	27.84955568	0
8	27.87492968	1
8	27.97071268	1
8	28.07846768	1
8	28.32846768	0
8	28.91656268	1
8	29.15601868	1
8	29.40601868	0
8	29.52717468	1
8	29.70676668	1
8	29.95676668	0
8	29.97016768	1
8	30.22016768	0
8	30.23356968	1
8	30.48356968	0
8	30.60134568	1
8	30.85134568	0
8	30.87189968	1
8	31.07166468	1
8	31.32166468	0
8	31.56254868	1
8	31.76500368	1
8	31.84989568	1
8	32.09989568	0
8	32.14921568	1
8	32.39921568	0
8	32.46050768	1
8	32.55502068	1
8	32.79574668	1
8	32.95139268	1
8	33.20139268	0
8	33.37043968	1
8	33.46622268	1
8	33.71622268	0
8	33.88526968	1
8	34.13526968	0
8	34.24679868	1
8	34.42404568	1
8	34.62758268	1
8	34.87758268	0
8	36.50731068	1
8	36.75731068	0
8	36.78268468	1
8	37.03268468	0
8	37.18975968	1
8	37.38132468	1
8	37.63132468	0
8	37.69563868	1
8	37.82431768	1
8	38.07431768	0
8	38.20744668	1
8	38.45744668	0
8	38.63846768	1
8	38.84414568	1
8	39.09414568	0
8	39.89560968	1
8	40.05125668	1
8	40.30125668	0
8	40.67384168	1
8	40.89738268	1
8	41.14738268	0
8	41.38023568	1
8	41.63023568	0
8	41.64335668	1
8	41.89335668	0
8	42.48531868	1
8	42.69526868	1
8	42.94526868	0
8	43.65506568	1
		1
8	43.78676668	1
8	44.02622268	1
8	44.09805868	1
8	44.34805868	0
8	44.37813868	1
8	44.50513368	1
8	44.60091668	1
8	44.85091668	0
8	44.98404568	1
8	45.14867568	1
8	45.19955568	1
8	45.44955568	0
8	45.61860368	1
8	45.86860368	0
8	46.21724268	1
8	46.37288868	1
8	46.46867168	1
8	46.71867168	0
8	47.09125668	1
8	47.34125668	0
8	47.47432668	1
8	47.72432668	0
8	48.13288868	1
8	48.38288868	0
8	48.81763268	1
8	49.06763268	0
8	49.19846768	1
8	49.41284968	1
8	49.50975968	1
8	49.68486368	1
8	49.93486368	0
8	50.09642668	1
8	50.34642668	0
8	51.05424968	1
8	51.25778668	1
8	51.42878868	1
8	51.67878868	0
8	51.71275268	1
8	51.96275268	0
8	52.07193668	1
8	52.32193668	0
8	52.32336568	1
8	52.38546568	1
8	52.63546568	0
8	52.67957768	1
8	52.92957768	0
8	53.07350368	1
8	53.32350368	0
8	53.44880768	1
8	53.58050768	1
8	53.68826368	1
8	53.93826368	0
8	54.20309268	1
8	54.44927568	1
8	54.69927568	0
8	54.90948768	1
8	55.06830168	1
8	55.29261668	1
8	55.54261668	0
8	55.54404568	1
8	55.66377368	1
8	55.85533768	1
8	56.10533768	0
8	56.19057568	1
8	56.36615368	1
8	56.44407368	1
8	56.69407368	0
9	0.432017422	1
9	0.682017422	0
9	1.046814784	1
9	1.198493784	1
9	1.394025784	1
9	1.644025784	0
9	1.753209784	1
9	2.003209784	0
9	2.133840784	1
9	2.351848784	1
9	2.601848784	0
9	2.709578784	1
9	2.789662784	1
9	3.039662784	0
9	3.118107784	1
9	3.368107784	0
9	3.441372784	1
9	3.531518784	1
9	3.620964784	1
9	3.870964784	0
9	3.980148784	1
9	4.230148784	0
9	4.470263784	1
9	4.591471784	1
9	4.841471784	0
9	5.488719784	1
9	5.584501784	1
9	5.805111784	1
9	5.991576784	1
9	6.219059784	1
9	6.469059784	0
9	6.747998784	1
9	6.997998784	0
9	7.069127784	1
9	7.308583784	1
9	7.558583784	0
9	7.957913784	1
9	8.207913784	0
9	8.266406784	1
9	8.516406784	0
9	8.711133784	1
9	8.810731784	1
9	8.876990784	1
9	9.126990784	0
9	9.320012784	1
9	9.570012784	0
9	10.15810778	1
9	10.32572678	1
9	10.57572678	0
9	10.61663678	1
9	10.82858378	1
9	11.00817578	1
9	11.25817578	0
9	11.41525078	1
9	11.66525078	0
9	11.95402578	1
9	12.03786078	1
9	12.28786078	0
9	12.30624978	1
9	12.55624978	0
9	12.89987678	1
9	13.14987678	0
9	13.70205278	1
9	13.92953578	1
9	14.17953578	0
9	14.31266578	1
9	14.48028478	1
9	14.73028478	0
9	14.91130478	1
9	15.13878778	1
9	15.38878778	0
9	15.58178078	1
9	15.67756378	1
9	15.92756378	0
9	16.27620278	1
9	16.52620278	0
9	16.70722278	1
9	16.85089678	1
9	17.10089678	0
9	17.19810778	1
9	17.30586278	1
9	17.55586278	0
9	17.65307378	1
9	17.90307378	0
9	18.37144078	1
9	18.62144078	0
9	18.70667878	1
9	18.95667878	0
9	19.52082878	1
9	19.65559478	1
9	19.73351478	1
9	19.98351478	0
9	20.02368578	1
9	20.27368578	0
9	20.39484178	1
9	20.64484178	0
9	20.77797178	1
9	21.01742778	1
9	21.26742778	0
9	21.42450178	1
9	21.60409378	1
9	21.75973978	1
9	21.92735978	1
9	22.17735978	0
9	22.18067778	1
9	22.33868078	1
9	22.54863078	1
9	22.79863078	0
9	23.23239378	1
9	23.42395778	1
9	23.55565878	1
9	23.67538678	1
9	23.79511478	1
9	24.04511478	0
9	24.07048878	1
9	24.21416178	1
9	24.46416178	0
9	24.58531878	1
9	24.83531878	0
9	25.07620278	1
9	25.32620278	0
9	25.49525078	1
9	25.69193578	1
9	25.74667878	1
9	25.99667878	0
9	26.12185278	1
9	26.23756378	1
9	26.48756378	0
9	26.68055678	1
9	26.93055678	0
9	27.87783578	1
9	27.98678578	1
9	28.16643278	1
9	28.28547678	1
9	28.53547678	0
9	28.64409378	1
9	28.89409378	0
9	29.25470578	1
9	29.45824378	1
9	29.60191678	1
9	29.74559078	1
9	29.99559078	0
9	30.14069278	1
9	30.39069278	0
9	30.46395778	1
9	30.60070978	1
9	30.66780778	1
9	30.91780778	0
9	31.05062478	1
9	31.30062478	0
9	31.44182278	1
9	31.69182278	0
9	32.34368578	1
9	32.44232778	1
9	32.52403678	1
9	32.77403678	0
9	32.97824378	1
9	33.22824378	0
9	33.36137278	1
9	33.49307378	1
9	33.74307378	0
9	34.04382178	1
9	34.21144078	1
9	34.37905978	1
9	34.62905978	0
9	34.78613478	1
9	34.88191678	1
9	35.13191678	0
9	36.83348178	1
9	37.08348178	0
9	37.27647478	1
9	37.52647478	0
9	37.53987678	1
9	37.78987678	0
9	37.86314178	1
9	38.05395178	1
9	38.30395178	0
9	38.40191678	1
9	38.65191678	0
9	38.76524378	1
9	39.01524378	0
9	39.51538678	1
9	39.71759178	1
9	39.96759178	0
9	40.16191678	1
9	40.41191678	0
9	40.52110078	1
9	40.62885578	1
9	40.87885578	0
9	41.07184878	1
9	41.32184878	0
9	41.65851578	1
9	41.83810778	1
9	42.08810778	0
9	42.28110078	1
9	42.48463778	1
9	42.73463778	0
9	42.92763178	1
9	43.17763178	0
9	43.77769978	1
9	43.92081278	1
9	44.17081278	0
9	44.31647478	1
9	44.49606678	1
9	44.74606678	0
9	45.05878778	1
9	45.12206978	1
9	45.37206978	0
9	45.41779278	1
9	45.59756378	1
9	45.84756378	0
9	45.99266578	1
9	46.24266578	0
9	46.52381478	1
9	46.69905978	1
9	46.94905978	0
9	47.22586278	1
9	47.47586278	0
9	48.21960378	1
9	48.46960378	0
9	48.97388978	1
9	49.22388978	0
9	49.95565878	1
9	50.20565878	0
9	50.35076078	1
9	50.60076078	0
9	50.84164478	1
9	51.09164478	0
9	51.40651578	1
9	51.57198478	1
9	51.82198478	0
9	51.83538678	1
9	52.08538678	0
9	52.20247578	1
9	52.45247578	0
9	53.83484178	1
9	54.08484178	0
9	54.08627078	1
9	54.33627078	0
9	54.39756378	1
9	54.64756378	0
9	55.04409378	1
9	55.29409378	0
9	55.42390078	1
9	55.53645078	1
9	55.78645078	0
10	1.051980798	1
10	1.160767	1
10	1.308375	1
10	1.558375	0
10	2.14647	1
10	2.39647	0
10	2.787119	1
10	3.037119	0
10	3.069088	1
10	3.319088	0
10	3.670205	1
10	3.810893	1
10	4.060893	0
10	4.110007	1
10	4.193817	1
10	4.443817	0
10	4.602269	1
10	4.780483	1
10	4.907454	1
10	5.004853	1
10	5.254853	0
10	6.456674	1
10	6.616548	1
10	6.866548	0
10	6.895759	1
10	7.007422	1
10	7.246878	1
10	7.496878	0
10	8.24062	1
10	8.396266	1
10	8.575858	1
10	8.825858	0
10	8.851232	1
10	9.078715	1
10	9.328715	0
10	9.354089	1
10	9.604089	0
10	9.737218	1
10	9.987218	0
10	10.371776	1
10	10.52606	1
10	10.623205	1
10	10.873205	0
10	11.042252	1
10	11.292252	0
10	11.395356	1
10	11.581028	1
10	11.688783	1
10	11.856402	1
10	12.106402	0
10	12.167694	1
10	12.335313	1
10	12.514905	1
10	12.742388	1
10	12.969871	1
10	13.13749	1
10	13.364973	1
10	13.614973	0
10	13.772048	1
10	13.891776	1
10	14.141776	0
10	14.286878	1
10	14.514361	1
10	14.598171	1
10	14.848171	0
10	14.933409	1
10	15.183409	0
10	15.376402	1
10	15.626402	0
10	15.670657	1
10	15.891232	1
10	16.141232	0
10	16.214497	1
10	16.464497	0
10	17.782932	1
10	18.032932	0
10	18.166062	1
10	18.416062	0
10	18.513273	1
10	18.728783	1
10	18.978783	0
10	19.075994	1
10	19.325994	0
10	19.363341	1
10	19.399259	1
10	19.649259	0
10	19.674633	1
10	19.924633	0
10	20.47681	1
10	20.596538	1
10	20.788103	1
10	20.931776	1
10	21.123341	1
10	21.302932	1
10	21.552932	0
10	21.566334	1
10	21.638171	1
10	21.888171	0
10	21.978912	1
10	22.200892	1
10	22.450892	0
10	23.18266	1
10	23.370085	1
10	23.620085	0
10	23.69749	1
10	23.761846	1
10	24.011846	0
10	24.068647	1
10	24.318647	0
10	24.487694	1
10	24.737694	0
10	24.787014	1
10	25.037014	0
10	25.876538	1
10	26.066158	1
10	26.126762	1
10	26.376762	0
10	26.511096	1
10	26.761096	0
10	26.894225	1
10	27.063155	1
10	27.313155	0
10	27.528783	1
10	27.755772	1
10	28.005772	0
10	28.127422	1
10	28.24715	1
10	28.49715	0
10	29.169055	1
10	29.291711	1
10	29.444429	1
10	29.694429	0
10	29.8826	1
10	30.043068	1
10	30.293068	0
10	30.641708	1
10	30.891708	0
10	30.917082	1
10	30.976946	1
10	31.226946	0
10	32.341844	1
10	32.473545	1
10	32.723545	0
10	32.844701	1
10	33.000347	1
10	33.09613	1
10	33.34613	0
10	33.347558	1
10	33.479259	1
10	33.729259	0
10	33.802524	1
10	34.052524	0
10	35.200401	1
10	35.299123	1
10	35.442796	1
10	35.658307	1
10	35.813953	1
10	36.063953	0
10	36.292864	1
10	36.484429	1
10	36.568239	1
10	36.818239	0
10	36.915449	1
10	37.035177	1
10	37.095041	1
10	37.345041	0
10	37.564513	1
10	37.753545	1
10	38.003545	0
10	38.136674	1
10	38.386674	0
10	38.447966	1
10	38.579667	1
10	38.829667	0
10	39.027666	1
10	39.202252	1
10	39.452252	0
10	39.464076	1
10	39.714076	0
10	40.207966	1
10	40.327694	1
10	40.495313	1
10	40.67832	1
10	40.926334	1
10	41.176334	0
10	41.357354	1
10	41.607354	0
10	41.776402	1
10	42.026402	0
10	42.11164	1
10	42.36164	0
10	42.446878	1
10	42.681776	1
10	42.758171	1
10	43.008171	0
10	43.835722	1
10	44.085722	0
10	44.265333	1
10	44.362524	1
10	44.612524	0
10	44.841436	1
10	45.091436	0
10	45.236538	1
10	45.404157	1
10	45.654157	0
10	45.775313	1
10	45.974426	1
10	46.224426	0
10	46.816946	1
10	46.996538	1
10	47.246538	0
10	47.534175	1
10	47.738851	1
10	47.988851	0
10	48.055802	1
10	48.305802	0
10	48.313545	1
10	48.433273	1
10	48.683273	0
10	48.799561	1
10	48.948103	1
10	49.198103	0
10	50.145381	1
10	50.268403	1
10	50.518403	0
10	50.755994	1
10	50.839803	1
10	51.089803	0
10	51.132009	1
10	51.382009	0
10	51.606062	1
10	51.737762	1
10	51.905381	1
10	52.155381	0
10	52.204701	1
10	52.324429	1
10	52.468103	1
10	52.718103	0
10	53.330143	1
10	53.535131	1
10	53.785131	0
10	53.868919	1
10	54.037468	1
10	54.104375	1
10	54.354375	0
10	54.599259	1
10	54.697428	1
10	54.947428	0
10	55.030279	1
10	55.280279	0
10	55.413409	1
10	55.663409	0
10	56.347286	1
10	56.497428	1
10	56.646606	1
10	56.802252	1
10	56.993817	1
10	57.243817	0
10	57.245245	1
10	57.353	1
10	57.460756	1
10	57.710756	0
10	57.843885	1
10	58.093885	0
10	58.204357	1
10	58.454357	0
10	58.670007	1
10	58.874526	1
10	59.124526	0
10	59.124973	1
10	59.244701	1
10	59.448239	1
10	59.698239	0
10	59.855313	1
10	60.105313	0
10	60.430007	1
10	60.680007	0
10	60.784961	1
10	61.034961	0
11	0.27448538	1
11	0.489783265	1
11	0.701863265	1
11	0.951863265	0
11	1.064477265	1
11	1.279987265	1
11	1.529987265	0
11	1.615225265	1
11	1.865225265	0
11	2.130055265	1
11	2.369511265	1
11	2.453320265	1
11	2.703320265	0
11	3.578762265	1
11	3.695823265	1
11	3.866109265	1
11	4.116109265	0
11	4.201347265	1
11	4.333048265	1
11	4.583048265	0
11	4.895769265	1
11	4.979579265	1
11	5.229579265	0
11	5.303189265	1
11	5.494409265	1
11	5.650055265	1
11	5.733864265	1
11	5.865565265	1
11	6.115565265	0
11	6.188830265	1
11	6.272640265	1
11	6.356450265	1
11	6.606450265	0
11	7.278354265	1
11	7.393222265	1
11	7.505837265	1
11	7.685429265	1
11	7.875889265	1
11	8.125889265	0
11	9.194001265	1
11	9.325252265	1
11	9.469375265	1
11	9.660939265	1
11	9.828558265	1
11	10.07855827	0
11	10.29549727	1
11	10.54549727	0
11	10.74864127	1
11	10.94202827	1
11	11.12162027	1
11	11.37162027	0
11	12.16325227	1
11	12.25903527	1
11	12.50903527	0
11	12.56379227	1
11	12.81379227	0
11	12.84733227	1
11	13.09733227	0
11	13.14502127	1
11	13.39502127	0
11	13.46828627	1
11	13.71828627	0
11	13.72765427	1
11	13.87483527	1
11	14.12483527	0
11	16.28696427	1
11	16.53696427	0
11	16.54529327	1
11	16.65188127	1
11	16.90188127	0
11	17.00025927	1
11	17.25025927	0
11	17.33454727	1
11	17.58454727	0
		1
11	17.69468127	1
11	17.94468127	0
11	18.20817227	1
11	18.42677927	1
11	18.67677927	0
11	19.08352427	1
11	19.30694727	1
11	19.55694727	0
11	19.76597327	1
11	19.90000027	1
11	20.15000027	0
11	20.38855827	1
11	20.63855827	0
11	20.66404327	1
11	20.91404327	0
11	21.80822127	1
11	21.95540227	1
11	22.20540227	0
11	22.55711327	1
11	22.68048627	1
11	22.80385827	1
11	23.05060327	1
11	23.30060327	0
11	23.38175627	1
11	23.63175627	0
11	23.77055327	1
11	24.02055327	0
11	25.46502127	1
11	25.67877427	1
11	25.92877427	0
11	26.12352427	1
11	26.37352427	0
11	26.38692627	1
11	26.63692627	0
11	26.79400127	1
11	27.04400127	0
11	27.15318427	1
11	27.34890827	1
11	27.59890827	0
11	28.04368927	1
11	28.13459527	1
11	28.35046327	1
11	28.60046327	0
11	28.67372827	1
11	28.92372827	0
11	29.14066727	1
11	29.39066727	0
11	29.57962927	1
11	29.82962927	0
11	30.36189227	1
11	30.50952927	1
11	30.75952927	0
11	31.09223227	1
11	31.20863927	1
11	31.45863927	0
11	31.67889927	1
11	31.92889927	0
11	32.12189227	1
11	32.37189227	0
11	32.44382327	1
11	32.69382327	0
11	33.13957927	1
11	33.30719827	1
11	33.41495327	1
11	33.66495327	0
11	33.67835427	1
11	33.92835427	0
11	34.09880627	1
11	34.31291227	1
11	34.54251427	1
11	34.79251427	0
11	35.46230027	1
11	35.62991927	1
11	35.87991927	0
		1
11	35.98910327	1
11	36.23910327	0
11	36.43209627	1
11	36.68209627	0
11	36.74338827	1
11	36.82719827	1
11	37.07719827	0
11	37.29413727	1
11	37.40227927	1
11	37.64134727	1
11	37.89134727	0
11	38.03645027	1
11	38.14420527	1
11	38.39420527	0
11	38.44352427	1
11	38.69352427	0
11	38.86029927	1
11	39.11029927	0
11	39.36028127	1
11	39.47716127	1
11	39.53304827	1
11	39.78304827	0
11	39.81697627	1
11	39.95209627	1
11	40.20209627	0
11	40.41903527	1
11	40.62257227	1
11	40.81413727	1
11	41.06413727	0
11	41.15605227	1
11	41.40605227	0
11	41.62828627	1
11	41.87828627	0
11	42.80162027	1
11	42.93332027	1
11	43.18332027	0
11	43.19672227	1
11	43.44672227	0
11	43.73549727	1
11	43.98549727	0
11	44.15454527	1
11	44.40454527	0
		1
11	44.42991927	1
11	44.67991927	0
11	44.78418927	1
11	44.92080327	1
11	45.17080327	0
11	45.44760627	1
11	45.53141627	1
11	45.73495327	1
11	45.96243627	1
11	46.21243627	0
11	47.53087127	1
11	47.61445627	1
11	47.73785527	1
11	47.87808227	1
11	48.12808227	0
11	48.21969227	1
11	48.46969227	0
11	48.56600027	1
11	48.81600027	0
11	49.42094927	1
11	49.59019127	1
11	49.84019127	0
11	49.92542927	1
11	50.17542927	0
11	50.31621827	1
11	50.44025927	1
11	50.69025927	0
11	50.87127927	1
11	50.94311627	1
11	51.15862627	1
11	51.40862627	0
11	51.42202827	1
11	51.67202827	0
11	51.84107527	1
11	52.09107527	0
11	52.37985127	1
11	52.51428327	1
11	52.65522527	1
11	52.90522527	0
11	53.05558027	1
11	53.30558027	0
11	53.42148427	1
11	53.64896727	1
		1
11	53.79717427	1
11	53.89024527	1
11	54.14024527	0
11	54.21168827	1
11	54.46168827	0
11	54.51732527	1
11	54.76732527	0
11	55.33114927	1
11	55.58114927	0
12	0.229476225	1
12	0.479476225	0
12	0.504358225	1
12	0.658032225	1
12	0.908032225	0
12	0.974924225	1
12	1.224924225	0
12	1.266236225	1
12	1.441863225	1
12	1.515146225	1
12	1.765146225	0
12	1.801046225	1
12	2.051046225	0
12	2.220094225	1
12	2.470094225	0
12	2.687033225	1
12	2.794788225	1
12	2.926489225	1
12	3.176489225	0
12	3.293501225	1
12	3.543501225	0
12	3.561046225	1
12	3.644856225	1
12	3.894856225	0
12	4.698461225	1
12	4.925944225	1
12	5.175944225	0
12	5.309074225	1
12	5.559074225	0
12	5.883767225	1
12	6.133767225	0
12	6.135196225	1
12	6.385196225	0
12	6.460615225	1
12	6.605632225	1
12	6.759306225	1
12	6.841591225	1
12	7.091591225	0
12	7.215196225	1
12	7.465196225	0
12	7.643767225	1
12	7.893767225	0
12	8.613563225	1
12	8.733291225	1
12	8.983291225	0
12	9.008665225	1
12	9.116421225	1
12	9.366421225	0
12	9.686169225	1
12	9.936169225	0
12	9.997846225	1
12	10.24784623	0
12	10.76866522	1
12	11.01866522	0
12	11.02009422	1
12	11.27009422	0
12	11.58281522	1
12	11.83281522	0
12	11.93204022	1
12	12.06623522	1
12	12.31623522	0
12	14.03723722	1
12	14.28723722	0
12	14.85138722	1
12	14.97902622	1
12	15.12676122	1
12	15.36356422	1
12	15.61356422	0
12	15.84512822	1
12	16.09512822	0
12	16.09655722	1
12	16.34655722	0
12	16.51640022	1
12	16.62895022	1
12	16.79561122	1
12	16.92267922	1
12	17.17267922	0
12	17.18608022	1
12	17.35369922	1
12	17.58482322	1
12	17.83482322	0
12	18.06009422	1
12	18.17982222	1
12	18.36185322	1
12	18.61185322	0
12	18.65873322	1
12	18.76648922	1
12	19.01648922	0
12	19.66444822	1
12	19.79822922	1
12	19.92784922	1
12	20.05955022	1
12	20.30955022	0
12	20.31097822	1
12	20.45465222	1
12	20.63520822	1
12	20.88520822	0
12	21.61601222	1
12	21.75968622	1
12	21.96322322	1
12	22.21322322	0
12	22.27451622	1
12	22.50199922	1
12	22.60975422	1
12	22.85975422	0
12	23.48376722	1
12	23.69927822	1
12	23.94927822	0
12	24.01057022	1
12	24.23805322	1
12	24.29119422	1
12	24.35778122	1
12	24.52312722	1
12	24.77312722	0
12	24.77682922	1
12	24.87261122	1
12	25.12261122	0
12	25.60295122	1
12	25.73520622	1
12	25.88671622	1
12	26.00582122	1
12	26.04594422	1
12	26.27342722	1
12	26.52342722	0
12	26.52874722	1
12	26.77874722	0
12	28.09329122	1
12	28.34329122	0
12	28.36866522	1
12	28.61866522	0
12	28.62009422	1
12	28.73304122	1
12	28.98304122	0
12	29.23070622	1
12	29.48070622	0
12	30.29628522	1
12	30.38440322	1
12	30.59651722	1
12	30.84651722	0
12	31.20621622	1
12	31.35759122	1
12	31.60759122	0
12	32.59506022	1
12	32.84506022	0
12	32.88134922	1
12	33.13134922	0
12	33.90446822	1
12	34.15446822	0
12	34.20039122	1
12	34.45039122	0
12	35.41247022	1
12	35.66247022	0
12	35.71116122	1
12	35.81574022	1
12	36.06574022	0
12	36.16272222	1
12	36.28267922	1
12	36.35451622	1
12	36.60451622	0
12	36.64186322	1
12	36.71369922	1
12	36.85737322	1
12	37.10737322	0
12	37.14472022	1
12	37.28839322	1
12	37.53839322	0
12	37.62363122	1
12	37.84378222	1
12	38.04267922	1
12	38.19832522	1
12	38.36594422	1
12	38.61594422	0
12	39.52730522	1
12	39.62012722	1
12	39.79070622	1
12	39.97029822	1
12	40.22029822	0
12	40.22183822	1
12	40.47183822	0
12	40.96404022	1
12	41.03587622	1
12	41.28587622	0
12	41.34246222	1
12	41.45492422	1
12	41.64648922	1
12	41.89648922	0
12	42.05356322	1
12	42.12540022	1
12	42.37540022	0
12	42.44866522	1
12	42.69866522	0
12	43.71778122	1
12	43.87342722	1
12	43.99315522	1
12	44.24315522	0
12	44.34292322	1
12	44.59292322	0
		1
		1
12	44.65165922	1
12	44.90165922	0
12	45.22635322	1
12	45.47635322	0
12	45.67792422	1
12	45.89682922	1
12	46.06444822	1
12	46.31444822	0
12	46.32784922	1
12	46.57784922	0
		1
		1
		1
		1