passage	time	value
1	0.046	1
1	0.246	0
1	0.562721	1
1	0.762721	0
1	0.784543	1
1	0.984543	0
1	1.256929	1
1	1.352925	1
1	1.552925	0
1	1.616327	1
1	1.816327	0
1	2.310749	1
1	2.510749	0
1	2.799918	1
1	2.938712	1
1	3.138712	0
1	3.30449	1
1	3.484082	1
1	3.654596	1
1	3.854596	0
1	4.106667	1
1	4.274286	1
1	4.398799	1
1	4.598799	0
1	4.785961	1
1	4.908844	1
1	5.034329	1
1	5.234329	0
1	5.435647	1
1	5.635647	0
1	5.890613	1
1	6.051306	1
1	6.251306	0
1	7.147755	1
1	7.347755	0
1	7.380186	1
1	7.4995	1
1	7.6995	0
1	7.957925	1
1	8.157925	0
		1
1	8.261225	1
1	8.461225	0
1	8.560545	1
1	8.760545	0
1	8.776055	1
1	8.88381	1
1	9.08381	0
1	9.231021	1
1	9.31483	1
1	9.51483	0
1	9.709932	1
1	9.909932	0
1	9.961361	1
1	10.161361	0
1	10.811429	1
1	10.926947	1
1	11.014966	1
1	11.214966	0
1	11.29034	1
1	11.422041	1
1	11.622041	0
1	11.928449	1
1	12.033452	1
1	12.233452	0
1	12.882923	1
1	13.013482	1
1	13.213482	0
1	13.777672	1
1	13.943927	1
1	14.110704	1
1	14.226852	1
1	14.407012	1
1	14.607012	0
1	14.726531	1
1	14.822313	1
1	15.022313	0
1	15.034115	1
1	15.234115	0
1	15.430794	1
1	15.630794	0
1	15.847213	1
1	16.047213	0
1	16.232225	1
1	16.432225	0
1	16.567652	1
1	16.767652	0
1	17.109154	1
1	17.266659	1
1	17.466659	0
1	19.526536	1
1	19.721958	1
1	19.921958	0
1	19.926131	1
1	20.126131	0
1	20.17415	1
1	20.37415	0
1	20.928436	1
1	21.024218	1
1	21.224218	0
1	21.269652	1
1	21.469652	0
1	21.50313	1
1	21.70313	0
1	22.165075	1
1	22.365075	0
1	22.413062	1
1	22.613062	0
1	22.641249	1
1	22.736327	1
1	22.927891	1
1	23.127891	0
1	23.382857	1
1	23.51412	1
1	23.598368	1
1	23.798368	0
1	23.897687	1
1	24.097687	0
1	24.161089	1
1	24.361089	0
1	24.364626	1
1	24.483259	1
1	24.683259	0
1	24.735783	1
1	24.935783	0
1	25.059048	1
1	25.259048	0
1	25.541189	1
1	25.680794	1
1	25.880794	0
1	26.878912	1
1	27.078912	0
1	27.142313	1
1	27.314162	1
1	27.514162	0
1	27.776871	1
1	27.884626	1
1	28.084626	0
1	28.255783	1
1	28.376346	1
1	28.576346	0
1	28.818504	1
1	29.018504	0
1	29.297415	1
1	29.477007	1
1	29.608708	1
1	29.808708	0
1	29.872109	1
1	29.95905	1
1	30.15905	0
1	30.36463	1
1	30.458776	1
1	30.658776	0
1	30.840804	1
1	31.021497	1
1	31.177122	1
1	31.377122	0
1	31.512381	1
1	31.586956	1
1	31.786956	0
1	32.833264	1
1	33.033264	0
1	33.035638	1
1	33.235638	0
1	34.074558	1
1	34.190765	1
1	34.390765	0
1	34.565443	1
1	34.765443	0
1	34.972517	1
1	35.140136	1
1	35.340136	0
1	35.511293	1
1	35.711293	0
1	35.945261	1
1	36.145261	0
1	36.157823	1
1	36.357823	0
1	36.564898	1
1	36.764898	0
1	36.768436	1
1	36.968436	0
1	38.468572	1
1	38.632328	1
1	38.80381	1
1	39.00381	0
1	39.174966	1
1	39.374966	0
1	39.468477	1
1	39.668477	0
1	40.04898	1
1	40.24898	0
1	40.773225	1
1	40.934966	1
1	41.134966	0
1	41.820953	1
1	42.020953	0
1	42.042964	1
1	42.204082	1
1	42.404082	0
1	42.611157	1
1	42.802721	1
1	42.900757	1
1	43.100757	0
1	43.133433	1
1	43.333433	0
1	43.473198	1
1	43.673198	0
1	43.784524	1
1	43.954431	1
1	44.059864	1
1	44.155647	1
1	44.355647	0
1	44.466939	1
1	44.632655	1
1	44.802177	1
1	44.909932	1
1	45.109932	0
1	45.258174	1
1	45.458174	0
1	45.496599	1
1	45.689575	1
1	45.889575	0
1	46.805793	1
1	46.935658	1
1	47.135658	0
1	47.651701	1
1	47.771429	1
1	47.971429	0
1	48.307503	1
1	48.372361	1
1	48.572361	0
1	48.573606	1
		1
1	48.718395	1
1	48.918395	0
1	50.06082	1
1	50.180945	1
1	50.361373	1
1	50.561373	0
1	50.602707	1
1	50.724997	1
1	50.924997	0
1	51.051973	1
1	51.251973	0
1	51.722449	1
1	51.818232	1
1	52.018232	0
1	52.213334	1
1	52.333062	1
1	52.533062	0
1	52.553259	1
1	52.753259	0
1	52.92836	1
1	53.12836	0
1	53.150214	1
1	53.350214	0
1	53.386667	1
1	53.557126	1
1	53.757126	0
1	53.793742	1
1	53.993742	0
1	54.12898	1
1	54.32898	0
1	54.368436	1
1	54.568436	0
1	54.691701	1
1	54.823402	1
1	55.023402	0
1	55.050885	1
1	55.146667	1
1	55.346667	0
1	55.626219	1
1	55.734441	1
1	55.885951	1
1	56.085951	0
1	56.195464	1
1	56.395464	0
1	56.439728	1
1	56.639728	0
2	0.479839572	1
2	0.592424402	1
2	0.792424402	0
2	0.810806402	1
2	0.912952402	1
2	1.112952402	0
2	1.415810402	1
2	1.615810402	0
2	1.918667402	1
2	2.118667402	0
2	2.385605402	1
2	2.557777402	1
2	2.757777402	0
2	3.211728402	1
2	3.411728402	0
2	3.431803402	1
2	3.595218402	1
2	3.790771402	1
2	3.990771402	0
2	4.384907402	1
2	4.584907402	0
2	5.637331402	1
2	5.747717402	1
2	5.947717402	0
2	6.073224402	1
2	6.273224402	0
2	6.286257402	1
2	6.486257402	0
2	6.887374402	1
2	6.992943402	1
2	7.150775402	1
2	7.350775402	0
2	7.541223402	1
2	7.741223402	0
2	8.467782402	1
2	8.667782402	0
2	8.946694402	1
2	9.146694402	0
2	9.365741402	1
2	9.557306402	1
2	9.696188402	1
2	9.896188402	0
2	10.1080544	1
2	10.3080544	0
2	10.3256874	1
2	10.4425664	1
2	10.6425664	0
2	10.8503674	1
2	11.0503674	0
2	11.3053334	1
2	11.3771704	1
2	11.5771704	0
2	12.1913204	1
2	12.3150514	1
2	12.4278374	1
2	12.5354954	1
2	12.7354954	0
2	12.9096874	1
2	13.1096874	0
2	13.3209554	1
2	13.5209554	0
2	13.7505944	1
2	13.8315924	1
2	14.0315924	0
2	14.2027484	1
2	14.3713834	1
2	14.5713834	0
2	14.7563734	1
2	14.8570194	1
2	15.0570194	0
2	15.2922724	1
2	15.4922724	0
2	15.8430204	1
2	16.0430204	0
2	16.1249724	1
2	16.1782584	1
2	16.3782584	0
2	16.5853334	1
2	16.7050614	1
2	16.9050614	0
2	16.9804354	1
2	17.1804354	0
2	17.1816424	1
2	17.3169194	1
2	17.5169194	0
2	18.0100954	1
2	18.2100954	0
2	18.2734974	1
2	18.4734974	0
2	18.6566264	1
2	18.8172454	1
2	19.0172454	0
2	20.0813884	1
2	20.2813884	0
2	20.2968984	1
2	20.4968984	0
2	20.5483274	1
2	20.7483274	0
2	20.9434294	1
2	21.0392114	1
2	21.2392114	0
2	21.4103674	1
2	21.6103674	0
2	21.8665724	1
2	22.0665724	0
2	22.4041094	1
2	22.5977474	1
2	22.7977474	0
2	23.5894154	1
2	23.7894154	0
2	23.8647894	1
2	24.0647894	0
2	24.2479184	1
2	24.3796194	1
2	24.5796194	0
2	24.6888614	1
2	24.7866944	1
2	24.9782584	1
2	25.1339054	1
2	25.3339054	0
2	25.4691434	1
2	25.6691434	0
2	25.6916714	1
2	25.7988114	1
2	25.9988114	0
2	26.1875104	1
2	26.3875104	0
2	26.5227484	1
2	26.7227484	0
2	26.8220684	1
2	27.0220684	0
2	27.1009914	1
2	27.2092134	1
2	27.4092134	0
2	28.6539054	1
2	28.8539054	0
2	28.8555384	1
2	29.0555384	0
2	29.2764904	1
2	29.4764904	0
2	29.8392114	1
2	30.0392114	0
2	30.1744494	1
2	30.3537254	1
2	30.5537254	0
2	30.7611164	1
2	30.9611164	0
2	31.1847124	1
2	31.3847124	0
2	31.7069664	1
2	31.9069664	0
2	31.9823404	1
2	32.1823404	0
2	32.3775904	1
2	32.5775904	0
2	33.1915924	1
2	33.3915924	0
2	33.4658944	1
2	33.5866944	1
2	33.6705034	1
2	33.8705034	0
2	34.0775784	1
2	34.2451974	1
2	34.4451974	0
2	34.4726804	1
2	34.5684634	1
2	34.7251894	1
2	34.9251894	0
2	34.9359684	1
2	35.1359684	0
2	36.4990384	1
2	36.5866974	1
2	36.7866974	0
2	36.9630204	1
2	37.1545854	1
2	37.3092894	1
2	37.5092894	0
2	37.6848174	1
2	37.8729524	1
2	38.0506054	1
2	38.1270404	1
2	38.3270404	0
2	38.5314564	1
2	38.7110484	1
2	38.9110484	0
2	39.0103674	1
2	39.2103674	0
2	39.6090074	1
2	39.7885994	1
2	39.9885994	0
2	40.0041094	1
2	40.2041094	0
2	40.2555374	1
2	40.4555374	0
2	40.8422044	1
2	41.0422044	0
2	41.4528164	1
2	41.6528164	0
2	41.7985404	1
2	41.9985404	0
2	42.7219324	1
2	42.8468034	1
2	43.0468034	0
2	43.2607074	1
2	43.4437824	1
2	43.6191014	1
2	43.6677824	1
2	43.8677824	0
2	44.2065584	1
2	44.2903674	1
2	44.4903674	0
2	44.5548144	1
2	44.7548144	0
2	44.8416004	1
2	45.0416004	0
2	45.3433954	1
2	45.5433954	0
2	45.8588034	1
2	46.0588034	0
2	46.1940414	1
2	46.3940414	0
2	46.4215244	1
2	46.6215244	0
2	46.6729524	1
2	46.8729524	0
2	47.1039734	1
2	47.3039734	0
2	47.4631564	1
2	47.6631564	0
		1
		1
		1
		1
2	47.6700554	1
2	47.7624764	1
2	47.9624764	0
2	48.1934974	1
2	48.3934974	0
2	48.5287354	1
2	48.7287354	0
2	50.2168984	1
2	50.4168984	0
2	50.5641094	1
2	50.6958104	1
2	50.8958104	0
2	50.9951294	1
2	51.1747214	1
2	51.3747214	0
2	51.5339054	1
2	51.7339054	0
2	52.1325444	1
2	52.1874444	1
2	52.3874444	0
2	52.4438374	1
2	52.6438374	0
2	52.6592904	1
2	52.8592904	0
2	52.9445924	1
2	53.1445924	0
2	54.0841094	1
2	54.2320244	1
2	54.3954014	1
2	54.5954014	0
2	54.5989394	1
2	54.7989394	0
2	55.1504224	1
2	55.3053334	1
2	55.5053334	0
2	55.6284084	1
2	55.7602994	1
2	55.9398914	1
2	56.1398914	0
2	56.1793474	1
2	56.3793474	0
2	56.8617964	1
2	56.9934974	1
2	57.1934974	0
2	57.2449254	1
2	57.4449254	0
2	57.6156304	1
2	57.8156304	0
2	57.8794834	1
2	58.0111844	1
2	58.1660754	1
2	58.3660754	0
2	58.5156304	1
2	58.6816604	1
2	58.8612524	1
2	59.0612524	0
2	59.1485994	1
2	59.2511584	1
2	59.4511584	0
2	59.6873744	1
2	59.8873744	0
3	0.478723402	1
3	0.678723402	0
3	0.986269787	1
3	1.186269787	0
3	1.201780787	1
3	1.401780787	0
3	1.501099787	1
3	1.604642787	1
3	1.804642787	0
3	1.836337787	1
3	2.036337787	0
3	2.183548787	1
3	2.315249787	1
3	2.515249787	0
3	2.602596787	1
3	2.802596787	0
3	2.842052787	1
3	2.961780787	1
3	3.143827787	1
3	3.332936787	1
3	3.532936787	0
3	3.716065787	1
3	3.916065787	0
3	4.506269787	1
3	4.611587787	1
3	4.721780787	1
3	4.889399787	1
3	5.057018787	1
3	5.257018787	0
3	5.308446787	1
3	5.446654787	1
3	5.646654787	0
3	5.695563787	1
3	5.895563787	0
3	7.200147787	1
3	7.400147787	0
3	7.403684787	1
3	7.603684787	0
3	7.667086787	1
3	7.867086787	0
3	7.913297787	1
3	8.026269787	1
3	8.110079787	1
3	8.310079787	0
3	8.487551787	1
3	8.565045787	1
3	8.667198787	1
3	8.867198787	0
3	9.522868787	1
3	9.679748787	1
3	9.879748787	0
3	10.07361679	1
3	10.20531779	1
3	10.33701879	1
3	10.46871879	1
3	10.66871879	0
3	10.80395679	1
3	10.97157679	1
3	11.17157679	0
3	11.55766779	1
3	11.75766779	0
3	11.76178079	1
3	11.96178079	0
3	14.07252879	1
3	14.27252879	0
3	14.32043479	1
3	14.47960379	1
3	14.67960379	0
3	14.75497779	1
3	14.95497779	0
3	15.00640579	1
3	15.20640579	0
3	15.24713779	1
3	15.44713779	0
3	15.78066979	1
3	15.90436579	1
3	16.10436579	0
3	16.37130379	1
3	16.54214579	1
3	16.72362579	1
3	16.91007979	1
3	17.11007979	0
3	18.27497779	1
3	18.45456979	1
3	18.65456979	0
3	18.69402479	1
3	18.89402479	0
3	18.96623079	1
3	19.05320879	1
3	19.25320879	0
3	19.47225679	1
3	19.63987579	1
3	19.80749479	1
3	19.89130379	1
3	19.98708679	1
3	20.18708679	0
3	20.45402479	1
3	20.52586179	1
3	20.72586179	0
3	20.72939979	1
3	20.92939979	0
3	21.66327679	1
3	21.80789779	1
3	22.00702479	1
3	22.20702479	0
3	22.57196479	1
3	22.77196479	0
3	23.11249479	1
3	23.31249479	0
3	24.33320879	1
3	24.46490979	1
3	24.54871879	1
3	24.69239279	1
3	24.89239279	0
3	25.04467379	1
3	25.24467379	0
3	25.78191679	1
3	25.90463179	1
3	26.10463179	0
3	26.10518179	1
3	26.30518179	0
3	27.24259679	1
3	27.42218879	1
3	27.57783479	1
3	27.76956379	1
3	27.93701879	1
3	28.03280079	1
3	28.23280079	0
3	28.35606579	1
3	28.45184879	1
3	28.65184879	0
3	28.70327679	1
3	28.87089579	1
3	29.07089579	0
3	29.17021579	1
3	29.24205279	1
3	29.44205279	0
3	29.61320879	1
3	29.81320879	0
		1
3	30.41538579	1
3	30.57975079	1
3	30.75062379	1
3	30.95062379	0
3	31.20558979	1
3	31.28939979	1
3	31.48191579	1
3	31.60636979	1
3	31.80636979	0
3	31.94790279	1
3	32.11244379	1
3	32.21130379	1
3	32.30183079	1
3	32.50183079	0
3	32.80994379	1
3	32.89375279	1
3	33.09375279	0
3	33.09729079	1
3	33.29729079	0
3	33.31280079	1
3	33.51280079	0
3	33.74353779	1
3	33.94353779	0
3	35.74327679	1
3	35.94327679	0
3	36.53985379	1
3	36.69745379	1
3	36.89745379	0
3	37.12014779	1
3	37.25262979	1
3	37.45262979	0
3	37.91008579	1
3	38.11008579	0
3	38.25314779	1
3	38.45314779	0
3	38.52478379	1
3	38.58082779	1
3	38.78082779	0
3	38.85445579	1
3	39.05445579	0
3	39.05973979	1
3	39.25973979	0
3	39.34469879	1
3	39.40695079	1
3	39.60695079	0
3	39.61048779	1
3	39.81048779	0
3	39.88586179	1
3	40.08586179	0
3	40.47252879	1
3	40.55633779	1
3	40.75633779	0
3	41.02327679	1
3	41.22327679	0
3	41.27470579	1
3	41.47470579	0
3	42.67552179	1
3	42.87552179	0
3	43.00499679	1
3	43.20499679	0
3	43.52558979	1
3	43.66323679	1
3	43.76783279	1
3	43.95661079	1
3	44.15661079	0
3	44.25592979	1
3	44.37565779	1
3	44.51420779	1
3	44.71420779	0
3	45.42502979	1
3	45.62502979	0
3	45.72658979	1
3	45.81239279	1
3	46.00234879	1
3	46.11171279	1
3	46.31171279	0
3	46.32722279	1
3	46.52722279	0
3	46.81303279	1
3	47.01303279	0
3	47.10374579	1
3	47.24876179	1
3	47.44876179	0
3	47.52689079	1
3	47.68014779	1
3	47.82382079	1
3	48.02382079	0
3	48.07625279	1
3	48.25484179	1
3	48.36628679	1
3	48.56628679	0
3	48.66191679	1
3	48.74572579	1
3	48.86911379	1
3	49.06911379	0
3	50.01484179	1
3	50.21484179	0
3	50.24312279	1
3	50.42191679	1
3	50.62191679	0
3	50.68426379	1
3	50.88426379	0
3	51.08674579	1
3	51.28674579	0
3	52.75661079	1
3	52.95661079	0
3	53.76232479	1
3	53.96232479	0
3	54.89973979	1
3	55.09973979	0
3	55.98926379	1
3	56.08979379	1
3	56.15689079	1
3	56.35689079	0
3	56.43225679	1
3	56.63225679	0
3	57.00927379	1
3	57.20927379	0
3	57.28232479	1
3	57.45149679	1
3	57.59651379	1
3	57.79651379	0
3	58.81484179	1
3	58.99095979	1
3	59.19095979	0
3	59.42545379	1
3	59.62545379	0
3	59.71888679	1
3	59.91888679	0
3	59.94028379	1
3	60.14028379	0
3	60.45575679	1
3	60.56654879	1
3	60.64667879	1
3	60.84667879	0
3	61.05375279	1
3	61.25375279	0
3	61.26926379	1
3	61.46926379	0
3	61.59139379	1
3	61.79139379	0
3	62.07143979	1
3	62.26300479	1
3	62.46300479	0
3	62.53837879	1
3	62.73837879	0
		1
4	0.398385787	1
4	0.598385787	0
4	0.689427631	1
4	0.840937631	1
4	1.040937631	0
4	1.126349631	1
4	1.326349631	0
4	1.542891631	1
4	1.742891631	0
4	1.772879631	1
4	1.844716631	1
4	2.044716631	0
4	2.251791631	1
4	2.347573631	1
4	2.485197631	1
4	2.685197631	0
4	3.125805631	1
4	3.325805631	0
4	3.353288631	1
4	3.473015631	1
4	3.673015631	0
4	3.808254631	1
4	3.990834631	1
4	4.155464631	1
4	4.355464631	0
4	4.632185631	1
4	4.832185631	0
4	5.077369631	1
4	5.277369631	0
4	5.460498631	1
4	5.660498631	0
4	5.903492631	1
4	6.103492631	0
4	6.262675631	1
4	6.346485631	1
4	6.546485631	0
4	7.172607631	1
4	7.253283631	1
4	7.388559631	1
4	7.588559631	0
4	7.699410631	1
4	7.899410631	0
4	8.094512631	1
4	8.250158631	1
4	8.450158631	0
4	8.465668631	1
4	8.665668631	0
4	8.860771631	1
4	9.060771631	0
4	9.219954631	1
4	9.339682631	1
4	9.539682631	0
4	9.567165631	1
4	9.767165631	0
4	9.794648631	1
4	9.926349631	1
4	10.08199563	1
4	10.28199563	0
4	10.51044763	1
4	10.60879863	1
4	10.72852663	1
4	10.92852663	0
4	11.11381763	1
4	11.31381763	0
4	11.74621363	1
4	11.94621363	0
4	11.95457563	1
4	12.06387963	1
4	12.26387963	0
4	12.28498863	1
4	12.44063463	1
4	12.64063463	0
4	12.64462563	1
4	12.75192763	1
4	12.95192763	0
4	13.24281163	1
4	13.44281163	0
4	13.47324963	1
4	13.67324963	0
4	14.23655363	1
4	14.41614563	1
4	14.61614563	0
4	14.85699863	1
4	15.05699863	0
4	15.11056663	1
4	15.19437663	1
4	15.39437663	0
4	15.75709763	1
4	15.93668963	1
4	16.09233563	1
4	16.27192763	1
4	16.43954663	1
4	16.58322063	1
4	16.77246763	1
4	16.97246763	0
4	17.08607763	1
4	17.28607763	0
4	17.28976663	1
4	17.48976663	0
4	18.00798163	1
4	18.20798163	0
4	18.31422063	1
4	18.42702963	1
4	18.61859463	1
4	18.79818563	1
4	18.99818563	0
4	19.31301563	1
4	19.38505963	1
4	19.58505963	0
4	19.67375863	1
4	19.78522663	1
4	19.98522663	0
4	20.63002263	1
4	20.83002263	0
4	21.12090763	1
4	21.32090763	0
4	21.36644463	1
4	21.43219963	1
4	21.63219963	0
4	21.71954663	1
4	21.81532863	1
4	22.01532863	0
4	22.11464863	1
4	22.31464863	0
4	23.18022663	1
4	23.34784563	1
4	23.51076263	1
4	23.65036763	1
4	23.85036763	0
4	24.00634963	1
4	24.17712863	1
4	24.37712863	0
4	24.82182563	1
4	24.94022663	1
4	25.14022663	0
4	25.57799163	1
4	25.70940763	1
4	25.77832263	1
4	25.97832263	0
4	26.11436663	1
4	26.31436663	0
4	27.16716563	1
4	27.36716563	0
4	27.59113663	1
4	27.79113663	0
4	28.00526063	1
4	28.20526063	0
		1
		1
4	28.35477763	1
4	28.55477763	0
4	28.68770963	1
4	28.84335663	1
4	29.04335663	0
4	29.40607763	1
4	29.60607763	0
4	30.17233563	1
4	30.31600963	1
4	30.51600963	0
4	30.89070263	1
4	31.09070263	0
4	31.93233563	1
		1
4	32.08798163	1
4	32.28798163	0
4	32.31546463	1
4	32.43519263	1
4	32.55492063	1
4	32.75492063	0
4	32.89015863	1
4	33.09015863	0
4	33.27328863	1
4	33.47328863	0
4	33.70494363	1
4	33.81316563	1
4	34.01316563	0
4	35.16498863	1
4	35.36498863	0
4	35.61995463	1
4	35.81995463	0
4	35.85941063	1
4	36.05941063	0
4	36.26648563	1
4	36.46648563	0
4	37.59546463	1
4	37.73208963	1
4	37.93208963	0
4	38.12817963	1
4	38.24181263	1
4	38.40054563	1
4	38.60054563	0
4	38.79274363	1
4	38.99274363	0
4	39.11600963	1
4	39.31600963	0
4	39.35546463	1
4	39.55546463	0
4	39.88226763	1
4	40.07216363	1
4	40.27216363	0
4	41.04362863	1
4	41.24362863	0
4	41.40281163	1
4	41.60281163	0
4	41.69015863	1
4	41.80957263	1
4	41.92961463	1
4	42.12961463	0
4	42.24090763	1
4	42.33668963	1
4	42.53668963	0
4	42.57203263	1
4	42.72981063	1
4	42.92981063	0
4	43.04308363	1
4	43.15083963	1
4	43.35083963	0
4	43.66566863	1
4	43.83328863	1
4	44.03328863	0
4	44.10866263	1
4	44.25233563	1
4	44.41995463	1
4	44.61995463	0
4	44.81505663	1
4	45.01505663	0
4	46.10811763	1
4	46.25192363	1
4	46.45192363	0
4	47.24553263	1
4	47.44553263	0
4	47.56879863	1
4	47.76879863	0
4	48.95285963	1
4	49.10869863	1
4	49.30869863	0
4	49.35274363	1
4	49.55274363	0
4	49.69995463	1
4	49.89995463	0
4	49.96335663	1
4	50.09505663	1
4	50.29505663	0
4	50.44226763	1
4	50.56199563	1
4	50.76199563	0
4	50.76290263	1
4	50.96290263	0
4	51.24444463	1
4	51.44444463	0
4	51.45995463	1
4	51.65995463	0
4	51.92689363	1
4	52.06513863	1
4	52.20226763	1
4	52.37652063	1
4	52.48961463	1
4	52.68961463	0
4	52.87317663	1
4	52.97145863	1
4	53.17145863	0
4	53.21995463	1
4	53.33968263	1
4	53.53968263	0
4	53.61505663	1
4	53.81505663	0
4	55.17151963	1
4	55.23582963	1
4	55.40110663	1
4	55.60110663	0
4	55.60253963	1
4	55.77015863	1
4	55.92580563	1
4	56.12580563	0
4	56.21315163	1
4	56.38657763	1
4	56.57233563	1
4	56.73995463	1
4	56.93995463	0
4	56.96743763	1
4	57.03927463	1
4	57.11111163	1
4	57.31111163	0
4	57.60199563	1
4	57.80199563	0
4	57.86539663	1
4	57.99709763	1
4	58.19709763	0
4	59.03873063	1
4	59.23873063	0
4	59.37396863	1
4	59.57396863	0
4	60.03247163	1
4	60.23247163	0
4	60.27228563	1
4	60.47228563	0
4	60.51457663	1
4	60.62911563	1
4	60.82911563	0
4	61.23515563	1
4	61.40908963	1
4	61.60908963	0
4	63.22920663	1
4	63.28054363	1
4	63.46866263	1
4	63.66866263	0
4	63.74156763	1
4	63.80390063	1
4	64.00390063	0
4	64.32668563	1
4	64.41084863	1
4	64.56802363	1
4	64.76802363	0
4	65.36036263	1
4	65.56036263	0
4	65.79138363	1
4	65.99138363	0
4	66.51241563	1
4	66.65526763	1
4	66.73779663	1
4	66.85223063	1
4	67.05223063	0
4	67.25244963	1
4	67.44362863	1
4	67.64362863	0
4	67.65913863	1
4	67.85913863	0
4	68.03985163	1
4	68.15456663	1
4	68.26278763	1
4	68.43736963	1
4	68.59301563	1
4	68.76063463	1
4	68.96063463	0
4	69.12991863	1
4	69.32991863	0
5	0.561145631	1
5	0.689847173	1
5	0.889847173	0
5	0.936113173	1
5	1.115705173	1
5	1.315705173	0
5	1.618562173	1
5	1.818562173	0
5	1.858018173	1
5	2.058018173	0
5	2.107547173	1
5	2.220976173	1
5	2.312984173	1
5	2.512984173	0
5	2.528494173	1
5	2.648222173	1
5	2.847481173	1
5	3.047481173	0
5	4.108902173	1
5	4.308902173	0
5	4.527950173	1
5	4.666011173	1
5	4.803324173	1
5	5.003324173	0
5	5.126589173	1
5	5.261374173	1
5	5.371760173	1
5	5.571760173	0
5	6.383732173	1
5	6.583732173	0
5	6.833959173	1
5	6.910535173	1
5	7.110535173	0
5	7.113220173	1
5	7.305637173	1
5	7.437338173	1
5	7.637338173	0
5	7.704109173	1
5	7.877263173	1
5	8.077263173	0
5	9.664277173	1
5	9.864277173	0
5	10.26291617	1
5	10.46291617	0
5	10.81366417	1
5	11.01366417	0
5	11.98699817	1
5	12.15461717	1
5	12.32223617	1
5	12.52223617	0
5	12.71894017	1
5	12.91894017	0
5	13.01979617	1
5	13.13638517	1
5	13.33638517	0
5	13.45965117	1
5	13.65965117	0
5	13.66318817	1
5	13.86318817	0
5	14.08223617	1
5	14.28223617	0
5	14.32169217	1
5	14.52169217	0
5	14.64495717	1
5	14.84495717	0
5	15.19176917	1
5	15.39176917	0
5	16.79702417	1
5	16.99702417	0
5	17.12403517	1
5	17.31648717	1
5	17.51648717	0
5	17.64764417	1
5	17.80577317	1
5	18.00577317	0
5	18.18890217	1
5	18.38890217	0
5	18.56005917	1
5	18.76005917	0
5	18.92607117	1
5	19.00305217	1
5	19.20305217	0
5	19.31350417	1
5	19.51350417	0
5	20.90959317	1
5	21.10959317	0
5	21.25590217	1
5	21.45590217	0
5	21.48749517	1
5	21.59138817	1
5	21.79138817	0
5	23.12299917	1
5	23.22256217	1
5	23.42256217	0
5	23.45848517	1
5	23.56870017	1
5	23.64895517	1
5	23.84895517	0
5	24.04359617	1
5	24.15261217	1
5	24.35261217	0
5	24.61147117	1
5	24.73801817	1
5	24.93801817	0
5	25.07249417	1
5	25.18504417	1
5	25.38504417	0
5	25.48033117	1
5	25.68033117	0
5	26.76141917	1
5	26.96141917	0
5	27.09665817	1
5	27.26427717	1
5	27.46427717	0
5	27.51271417	1
5	27.59951517	1
5	27.79951517	0
5	27.92278017	1
5	28.03053517	1
5	28.13829017	1
5	28.33829017	0
5	28.47352817	1
5	28.66509317	1
5	28.86509317	0
5	29.01230417	1
5	29.21230417	0
5	29.89829017	1
5	30.06590917	1
5	30.10182817	1
5	30.30182817	0
5	30.34671017	1
5	30.54671017	0
5	30.73638517	1
5	30.82019517	1
5	30.97584117	1
5	31.17584117	0
5	31.20165917	1
5	31.26007417	1
5	31.34018317	1
5	31.54018317	0
5	31.75407217	1
5	31.95407217	0
5	31.96958317	1
5	32.06536517	1
5	32.26536517	0
5	32.33718017	1
5	32.53718017	0
5	32.58019517	1
5	32.65203217	1
5	32.85203217	0
5	33.74155517	1
5	33.84931117	1
5	34.00050617	1
5	34.10073917	1
5	34.30073917	0
5	34.37743117	1
5	34.57743117	0
5	34.69127317	1
5	34.74727017	1
5	34.94727017	0
5	35.16631717	1
5	35.25538517	1
5	35.45538517	0
5	36.35162417	1
5	36.51924317	1
5	36.62699817	1
5	36.82699817	0
5	37.15380017	1
5	37.35380017	0
5	37.40522917	1
5	37.60522917	0
5	37.79375817	1
5	37.86302017	1
5	38.06302017	0
5	39.51244017	1
5	39.71244017	0
5	39.71597717	1
5	39.91597717	0
5	39.96740617	1
5	40.16740617	0
5	40.43434517	1
5	40.63434517	0
5	40.82944717	1
5	40.94917517	1
5	41.14917517	0
5	41.15271217	1
5	41.35271217	0
5	41.40025117	1
5	41.60025117	0
5	42.38590917	1
5	42.55092317	1
5	42.75092317	0
5	42.81693017	1
5	43.00849417	1
5	43.20849417	0
5	43.42754217	1
5	43.58318817	1
5	43.78318817	0
5	44.13393617	1
5	44.21774617	1
5	44.27761017	1
5	44.47761017	0
5	44.64876617	1
5	44.84876617	0
5	44.91805217	1
5	45.09176017	1
5	45.29176017	0
5	45.91788217	1
5	46.06006617	1
5	46.26006617	0
5	46.48862317	1
5	46.68414117	1
5	46.88414117	0
5	47.54618117	1
5	47.66590917	1
5	47.86590917	0
5	48.07298417	1
5	48.27298417	0
5	48.30372817	1
5	48.50372817	0
5	49.13856217	1
5	49.29685017	1
5	49.49685017	0
5	50.07342517	1
5	50.22493517	1
5	50.42493517	0
5	50.54743517	1
5	50.72426417	1
5	50.92426417	0
5	51.94933017	1
5	52.06188017	1
5	52.15258617	1
5	52.35258617	0
5	52.55080717	1
5	52.68250817	1
5	52.86210017	1
5	53.06210017	0
5	53.06778617	1
5	53.20374417	1
5	53.40374417	0
5	53.68822217	1
5	53.88822217	0
5	54.05937917	1
5	54.25937917	0
5	54.89747417	1
5	55.07706617	1
5	55.27152717	1
5	55.40033117	1
5	55.60033117	0
5	55.61174417	1
5	55.81174417	0
5	55.97502517	1
5	56.17502517	0
5	56.19053517	1
5	56.33420917	1
5	56.53420917	0
5	56.54971917	1
5	56.74971917	0
5	56.80114717	1
5	57.00114717	0
5	57.93856217	1
5	58.13012717	1
5	58.33012717	0
5	58.35761017	1
5	58.50128317	1
5	58.70128317	0
5	58.71679417	1
5	58.91679417	0
5	58.93230417	1
5	59.13230417	0
5	59.36332417	1
5	59.56332417	0
5	59.68658917	1
5	59.85420917	1
5	60.03380017	1
5	60.23380017	0
5	60.41693017	1
5	60.61693017	0
5	60.81203217	1
5	60.91978717	1
5	61.11978717	0
5	61.26699817	1
5	61.38672617	1
5	61.58672617	0
5	61.59026317	1
5	61.75788217	1
5	61.95788217	0
5	62.17693017	1
5	62.37693017	0
5	62.51541617	1
5	62.64386817	1
5	62.84386817	0
5	62.95516117	1
5	63.13475317	1
5	63.33475317	0
5	63.94890217	1
		1
5	64.08588317	1
5	64.28588317	0
5	64.54754217	1
5	64.69121517	1
5	64.85883417	1
5	65.05883417	0
5	65.31380017	1
5	65.51380017	0
6	0.323245298	1
6	0.523245298	0
6	0.568708743	1
6	0.768708743	0
6	1.039808743	1
6	1.239808743	0
6	1.422937743	1
6	1.590556743	1
6	1.730401743	1
6	1.930401743	0
6	2.380761743	1
6	2.580761743	0
6	2.600501743	1
6	2.800501743	0
6	2.847699743	1
6	3.047699743	0
6	3.206883743	1
6	3.379041743	1
6	3.534880743	1
6	3.734880743	0
6	4.739400743	1
6	4.939400743	0
6	4.967131743	1
6	5.167131743	0
6	5.972597743	1
6	6.172597743	0
6	6.738856743	1
6	6.938856743	0
6	7.229740743	1
6	7.429740743	0
6	7.529060743	1
6	7.729060743	0
6	7.756543743	1
6	7.956543743	0
6	8.211509743	1
6	8.411509743	0
6	8.566976743	1
6	8.654502743	1
6	8.854502743	0
6	8.917903743	1
6	9.013686743	1
6	9.213686743	0
6	9.469543743	1
6	9.612325743	1
6	9.812325743	0
6	9.839808743	1
6	10.03980874	0
6	10.90538674	1
6	11.07300574	1
6	11.14484274	1
6	11.34484274	0
6	11.48008074	1
6	11.67207674	1
6	11.87207674	0
6	13.28797174	1
6	13.48797174	0
6	13.68307374	1
6	13.85069374	1
6	14.05069374	0
6	14.05370274	1
6	14.13803974	1
6	14.33803974	0
6	14.35355074	1
6	14.55355074	0
6	15.04797174	1
6	15.20361874	1
6	15.37123774	1
6	15.57123774	0
6	15.73042074	1
6	15.93042074	0
6	15.93395874	1
6	16.07763174	1
6	16.22130574	1
6	16.42130574	0
6	16.55654374	1
6	16.69133574	1
6	16.74810774	1
6	16.94810774	0
6	18.05314174	1
6	18.25314174	0
6	18.26865274	1
6	18.46865274	0
6	18.55599974	1
6	18.75599974	0
6	18.87926474	1
6	19.01096574	1
6	19.08280174	1
6	19.22870174	1
6	19.42870174	0
6	19.48987674	1
6	19.68987674	0
6	19.88497874	1
6	20.08497874	0
6	20.95055674	1
6	21.15055674	0
6	21.44144174	1
6	21.58511474	1
6	21.78511474	0
6	21.83654374	1
6	22.03654374	0
6	22.18375474	1
6	22.38375474	0
6	22.45912874	1
6	22.65912874	0
6	23.41695174	1
6	23.54865274	1
6	23.62048874	1
6	23.82048874	0
6	23.90783574	1
6	24.10783574	0
6	24.24307374	1
6	24.37477474	1
6	24.57477474	0
6	24.74547574	1
6	24.86565874	1
6	25.06565874	0
6	25.26076174	1
6	25.46076174	0
6	25.79953674	1
6	25.99953674	0
6	26.09885674	1
6	26.29885674	0
6	27.21232574	1
6	27.36797174	1
6	27.53559074	1
6	27.73374674	1
6	27.79899274	1
6	27.99899274	0
6	28.20606774	1
6	28.28987674	1
6	28.40175074	1
6	28.60175074	0
6	29.27164574	1
6	29.47164574	0
6	29.58293774	1
6	29.78293774	0
6	29.81042074	1
6	30.01042074	0
6	30.22946874	1
6	30.39708774	1
6	30.50484274	1
6	30.70484274	0
6	31.00769974	1
6	31.18729174	1
6	31.38729174	0
6	31.45069374	1
6	31.65069374	0
6	31.81344474	1
6	31.92960474	1
6	32.12960474	0
6	32.19300574	1
6	32.30076174	1
6	32.50076174	0
6	32.52554174	1
6	32.67191774	1
6	32.87191774	0
6	33.06599374	1
6	33.22616174	1
6	33.34239374	1
6	33.54239374	0
6	33.62874474	1
6	33.70157774	1
6	33.90157774	0
6	34.63545474	1
6	34.83545474	0
6	34.88114474	1
6	35.05450274	1
6	35.25450274	0
6	35.33567474	1
6	35.47355074	1
6	35.67355074	0
6	36.08416274	1
6	36.21586374	1
6	36.41586374	0
6	36.47340974	1
6	36.59766974	1
6	36.72226874	1
6	36.92226874	0
6	37.65259774	1
6	37.85259774	0
6	37.85613574	1
6	38.02375474	1
6	38.22375474	0
6	38.35899274	1
6	38.55899274	0
6	38.77555674	1
6	38.90974074	1
6	39.02946874	1
6	39.22103374	1
6	39.42103374	0
6	39.52035274	1
6	39.59218974	1
6	39.79218974	0
6	40.35844874	1
6	40.50212174	1
6	40.60987674	1
6	40.80987674	0
6	40.98103374	1
6	41.18103374	0
6	41.20851674	1
6	41.40851674	0
6	41.43599974	1
6	41.63599974	0
6	41.75926474	1
6	41.92688374	1
6	42.06820674	1
6	42.26820674	0
6	43.01640774	1
6	43.21640774	0
6	43.25586374	1
6	43.45586374	0
6	43.55518274	1
6	43.75518274	0
6	44.05803974	1
6	44.17776774	1
6	44.23832374	1
6	44.43832374	0
6	44.72851674	1
6	44.92851674	0
6	45.13559074	1
6	45.33559074	0
6	45.55463874	1
6	45.75463874	0
6	45.87790374	1
6	46.06946874	1
6	46.26946874	0
6	46.30892474	1
6	46.50892474	0
6	46.69205374	1
6	46.88361874	1
6	46.99137374	1
6	47.19137374	0
6	47.26674774	1
6	47.36252974	1
6	47.56252974	0
6	47.79355074	1
6	47.99355074	0
6	48.09286974	1
6	48.29286974	0
6	48.30838074	1
6	48.44008074	1
6	48.64008074	0
6	49.61341474	1
6	49.79300574	1
6	49.91273374	1
6	50.11273374	0
6	50.40361874	1
6	50.58770274	1
6	50.78770274	0
6	50.91844874	1
6	50.99028474	1
6	51.19028474	0
6	51.88824474	1
6	52.05586374	1
6	52.23545474	1
6	52.38352774	1
6	52.58352774	0
6	52.61858474	1
6	52.81858474	0
6	53.51654374	1
6	53.64538874	1
6	53.84538874	0
6	53.85178174	1
6	54.05178174	0
6	54.21382874	1
6	54.30674774	1
6	54.46057374	1
6	54.66057374	0
6	54.71382274	1
6	54.79763174	1
6	54.95327874	1
6	55.15327874	0
6	55.24062474	1
6	55.44062474	0
6	55.46810774	1
6	55.66810774	0
6	55.86321074	1
6	55.94456674	1
6	56.14456674	0
6	56.17450274	1
6	56.32334174	1
6	56.52334174	0
6	56.61749574	1
6	56.81749574	0
6	57.04851674	1
6	57.24851674	0
6	57.40769974	1
6	57.60769974	0
6	58.34157774	1
6	58.54157774	0
6	58.54511474	1
6	58.74511474	0
6	58.85640774	1
6	59.05640774	0
6	59.41912874	1
6	59.61912874	0
6	59.70647574	1
6	59.77831274	1
6	59.97831274	0
6	60.64035274	1
6	60.84035274	0
6	61.19110174	1
6	61.38266574	1
6	61.56225774	1
6	61.76225774	0
6	61.82565874	1
6	62.02565874	0
6	62.10103374	1
6	62.26865274	1
6	62.43627174	1
6	62.63627174	0
6	62.66375474	1
6	62.86375474	0
7	0.586736359	1
7	0.786736359	0
7	1.179532195	1
7	1.379532195	0
7	1.418988195	1
7	1.618988195	0
7	1.694362195	1
7	1.894362195	0
7	2.051148195	1
7	2.251148195	0
7	2.304974195	1
7	2.504974195	0
7	2.747968195	1
7	2.947968195	0
7	2.999396195	1
7	3.199396195	0
7	3.370553195	1
7	3.570553195	0
7	4.256539195	1
7	4.456539195	0
7	4.460076195	1
7	4.660076195	0
7	4.711505195	1
7	4.795315195	1
7	4.995315195	0
7	5.274226195	1
7	5.474226195	0
7	6.507423195	1
7	6.639124195	1
7	6.806743195	1
7	7.006743195	0
7	7.201845195	1
7	7.401845195	0
7	7.440325195	1
7	7.640325195	0
7	7.668784195	1
7	7.868784195	0
7	7.974939195	1
7	8.068009195	1
7	8.268009195	0
7	8.494906195	1
7	8.694906195	0
7	8.937900195	1
7	9.137900195	0
7	9.835859195	1
7	10.03585919	0
7	10.03939619	1
7	10.23939619	0
7	10.56619919	1
7	10.76619919	0
7	11.02116519	1
7	11.22116519	0
7	11.60783219	1
7	11.75150519	1
7	11.92477219	1
7	12.05082519	1
7	12.25082519	0
7	12.30225319	1
7	12.50225319	0
7	12.69735519	1
7	12.86497419	1
7	13.03259319	1
7	13.12837619	1
7	13.20021319	1
7	13.40021319	0
7	13.55939619	1
7	13.65517919	1
7	13.75074419	1
7	13.95074419	0
7	15.16375019	1
7	15.29534219	1
7	15.49534219	0
7	15.87014419	1
7	16.07014419	0
7	16.21522319	1
7	16.32511019	1
7	16.52511019	0
7	16.79204919	1
7	16.92948519	1
7	17.12948519	0
7	17.13926019	1
7	17.33926019	0
7	17.50658319	1
7	17.59422619	1
7	17.69000819	1
7	17.89000819	0
7	17.96538319	1
7	18.16538319	0
7	18.18089319	1
7	18.33653919	1
7	18.53653919	0
7	19.29436219	1
7	19.43644819	1
7	19.57064319	1
7	19.77064319	0
7	19.88102919	1
7	20.08102919	0
7	20.14443019	1
7	20.25218519	1
7	20.40783219	1
7	20.60783219	0
7	20.60956819	1
7	20.80956819	0
7	20.92266119	1
7	21.12266119	0
7	21.19803619	1
7	21.32973619	1
7	21.52973619	0
7	22.42431519	1
7	22.62431519	0
7	22.98273719	1
7	23.13762719	1
7	23.22143719	1
7	23.42143719	0
7	23.65245719	1
7	23.85245719	0
7	23.97572319	1
7	24.17572319	0
7	24.33490619	1
7	24.53490619	0
7	24.56238919	1
7	24.76238919	0
7	24.86931419	1
7	25.06931419	0
7	25.22428019	1
7	25.32304019	1
7	25.52304019	0
7	25.63994019	1
7	25.83994019	0
7	26.17871619	1
7	26.37871619	0
7	26.40619919	1
7	26.60619919	0
7	26.64565519	1
7	26.83721919	1
7	27.03721919	0
7	27.26824019	1
7	27.46824019	0
7	28.32184519	1
7	28.52184519	0
7	28.52538319	1
7	28.72538319	0
7	28.97931419	1
7	29.14796819	1
7	29.28449919	1
7	29.37540519	1
7	29.57540519	0
7	29.71068919	1
7	29.91068919	0
7	30.23749119	1
7	30.43749119	0
7	30.57369419	1
7	30.77369419	0
7	31.08755919	1
7	31.28755919	0
7	31.47068919	1
7	31.67068919	0
7	32.57218519	1
7	32.77218519	0
7	32.77572319	1
7	32.97572319	0
7	33.15885219	1
7	33.24266119	1
7	33.44266119	0
7	33.56592719	1
7	33.76592719	0
7	33.94905619	1
7	34.14905619	0
7	34.20832419	1
7	34.32021319	1
7	34.39204919	1
7	34.59204919	0
7	35.06252519	1
7	35.24211719	1
7	35.37381819	1
7	35.55341019	1
7	35.75341019	0
7	36.15204919	1
7	36.35204919	0
7	36.60701519	1
7	36.80701519	0
7	36.81055319	1
7	37.01055319	0
7	38.83395419	1
7	39.03395419	0
7	39.28013419	1
7	39.48013419	0
7	39.71994019	1
7	39.80375019	1
7	40.00375019	0
7	40.31858019	1
7	40.51858019	0
7	40.55803619	1
7	40.75803619	0
		1
7	40.83341019	1
7	40.93295319	1
7	41.13295319	0
7	41.19259319	1
7	41.39259319	0
7	41.54468219	1
7	41.59966819	1
7	41.79966819	0
7	42.04266119	1
7	42.24266119	0
7	43.41953219	1
7	43.61953219	0
7	43.64701519	1
7	43.84701519	0
7	43.91041719	1
7	44.11041719	0
7	44.25762719	1
7	44.42524719	1
7	44.53300219	1
7	44.73300219	0
7	44.85626719	1
7	45.05626719	0
7	45.89790019	1
7	46.09790019	0
7	46.13735519	1
7	46.33735519	0
7	46.50851219	1
7	46.70851219	0
7	46.96347819	1
7	47.13082219	1
7	47.33082219	0
7	47.40647119	1
7	47.60647119	0
7	47.68184519	1
7	47.75368219	1
7	47.95368219	0
7	48.65164119	1
7	48.85164119	0
7	48.95096119	1
7	49.12994919	1
7	49.32994919	0
7	49.98056919	1
7	50.18056919	0
7	50.33980419	1
7	50.53980419	0
7	50.57926019	1
7	50.77926019	0
7	50.86934519	1
7	51.06934519	0
7	52.20755919	1
7	52.35123319	1
7	52.55123319	0
7	52.58276819	1
7	52.78276819	0
7	53.05762719	1
7	53.15341019	1
7	53.34497419	1
7	53.50062119	1
7	53.62034919	1
7	53.79994019	1
7	53.99994019	0
7	54.19504219	1
7	54.39504219	0
7	54.66198119	1
7	54.84157319	1
7	55.04157319	0
7	55.27451119	1
7	55.47451119	0
7	55.67966819	1
7	55.87966819	0
7	56.01490619	1
7	56.21490619	0
7	56.32619919	1
7	56.52619919	0
7	56.68538319	1
7	56.82905619	1
7	57.02905619	0
7	57.17626719	1
7	57.37626719	0
7	57.79885219	1
7	57.90660719	1
7	58.10660719	0
7	58.22987219	1
7	58.42987219	0
7	58.51721919	1
7	58.71721919	0
7	59.98987219	1
7	60.12157319	1
7	60.30116519	1
7	60.50116519	0
7	60.55259319	1
7	60.74593719	1
7	60.94593719	0
7	61.01953219	1
7	61.17517919	1
7	61.29490619	1
7	61.49490619	0
7	61.67583719	1
7	61.84565519	1
7	61.96538319	1
7	62.16538319	0
8	0.342	1
8	0.453316684	1
8	0.653316684	0
8	0.696698684	1
8	0.896698684	0
8	0.960099684	1
8	1.067854684	1
8	1.267854684	0
8	1.391120684	1
8	1.582684684	1
8	1.782684684	0
8	1.785899684	1
8	1.985899684	0
8	2.504589684	1
8	2.704589684	0
8	2.779963684	1
8	2.979963684	0
8	3.043431684	1
8	3.243431684	0
8	4.204725684	1
8	4.289338684	1
8	4.480099684	1
8	4.671664684	1
8	4.839283684	1
8	5.039283684	0
8	5.279842684	1
8	5.479842684	0
8	5.629487684	1
8	5.829487684	0
8	5.928807684	1
8	6.128807684	0
8	6.240099684	1
8	6.311936684	1
8	6.511936684	0
8	7.545133684	1
8	7.676834684	1
8	7.856426684	1
8	7.964181684	1
8	8.164181684	0
8	8.251528684	1
8	8.335337684	1
8	8.486719684	1
8	8.686719684	0
8	8.780278684	1
8	8.957922684	1
8	9.083297684	1
8	9.137514684	1
8	9.337514684	0
8	10.53833168	1
8	10.64608668	1
8	10.84608668	0
8	10.96554568	1
8	11.10105268	1
8	11.30105268	0
8	11.74758268	1
8	11.94114868	1
8	12.09754168	1
8	12.29754168	0
8	12.40608668	1
8	12.57370568	1
8	12.75329768	1
8	12.90864768	1
8	13.10864768	0
8	14.40554168	1
8	14.57316068	1
8	14.70486168	1
8	14.90486168	0
8	15.29152868	1
8	15.49152868	0
8	15.60282068	1
8	15.80282068	0
8	15.93805868	1
8	16.09962068	1
8	16.23737868	1
8	16.33316068	1
8	16.53316068	0
8	16.58878068	1
8	16.78878068	0
8	16.91982768	1
8	17.03955568	1
8	17.23955568	0
8	17.54241268	1
8	17.74241268	0
8	18.36853568	1
8	18.49050868	1
8	18.69050868	0
8	18.90731068	1
8	19.03901168	1
8	19.23901168	0
8	19.41016768	1
8	19.48200468	1
8	19.68200468	0
8	19.76935168	1
8	19.92499768	1
8	20.12499768	0
8	20.24826368	1
8	20.44826368	0
8	20.55240368	1
8	20.75240368	0
8	20.93071268	1
8	21.13071268	0
8	21.44554168	1
8	21.58921568	1
8	21.78921568	0
8	21.97234468	1
8	22.17234468	0
8	23.78023568	1
8	23.98023568	0
8	24.00771868	1
8	24.20771868	0
8	24.40282068	1
8	24.47465768	1
8	24.64227668	1
8	24.80989568	1
8	25.00989568	0
8	25.19302468	1
8	25.33669868	1
8	25.53669868	0
8	25.67193668	1
8	25.86350168	1
8	25.98322968	1
8	26.18322968	0
8	26.27057568	1
8	26.47057568	0
8	27.04880768	1
8	27.16853568	1
8	27.34812668	1
8	27.54812668	0
8	27.59955568	1
8	27.79955568	0
8	27.87492968	1
8	27.97071268	1
8	28.07846768	1
8	28.27846768	0
8	28.91656268	1
8	29.11656268	0
8	29.15601868	1
8	29.35601868	0
8	29.52717468	1
8	29.70676668	1
8	29.90676668	0
8	29.97016768	1
8	30.17016768	0
8	30.23356968	1
8	30.43356968	0
8	30.60134568	1
8	30.80134568	0
8	30.87189968	1
8	31.07166468	1
8	31.27166468	0
8	31.56254868	1
8	31.76254868	0
8	31.76500368	1
8	31.84989568	1
8	32.04989568	0
8	32.14921568	1
8	32.34921568	0
8	32.46050768	1
8	32.55502068	1
8	32.75502068	0
8	32.79574668	1
8	32.95139268	1
8	33.15139268	0
8	33.37043968	1
8	33.46622268	1
8	33.66622268	0
8	33.88526968	1
8	34.08526968	0
8	34.24679868	1
8	34.42404568	1
8	34.62404568	0
8	34.62758268	1
8	34.82758268	0
8	36.50731068	1
8	36.70731068	0
8	36.78268468	1
8	36.98268468	0
8	37.18975968	1
8	37.38132468	1
8	37.58132468	0
8	37.69563868	1
8	37.82431768	1
8	38.02431768	0
8	38.20744668	1
8	38.40744668	0
8	38.63846768	1
8	38.83846768	0
8	38.84414568	1
8	39.04414568	0
8	39.89560968	1
8	40.05125668	1
8	40.25125668	0
8	40.67384168	1
8	40.87384168	0
8	40.89738268	1
8	41.09738268	0
8	41.38023568	1
8	41.58023568	0
8	41.64335668	1
8	41.84335668	0
8	42.48531868	1
8	42.68531868	0
8	42.69526868	1
8	42.89526868	0
8	43.65506568	1
		1
8	43.78676668	1
8	43.98676668	0
8	44.02622268	1
8	44.09805868	1
8	44.29805868	0
8	44.37813868	1
8	44.50513368	1
8	44.60091668	1
8	44.80091668	0
8	44.98404568	1
8	45.14867568	1
8	45.19955568	1
8	45.39955568	0
8	45.61860368	1
8	45.81860368	0
8	46.21724268	1
8	46.37288868	1
8	46.46867168	1
8	46.66867168	0
8	47.09125668	1
8	47.29125668	0
8	47.47432668	1
8	47.67432668	0
8	48.13288868	1
8	48.33288868	0
8	48.81763268	1
8	49.01763268	0
8	49.19846768	1
8	49.39846768	0
8	49.41284968	1
8	49.50975968	1
8	49.68486368	1
8	49.88486368	0
8	50.09642668	1
8	50.29642668	0
8	51.05424968	1
8	51.25424968	0
8	51.25778668	1
8	51.42878868	1
8	51.62878868	0
8	51.71275268	1
8	51.91275268	0
8	52.07193668	1
8	52.27193668	0
8	52.32336568	1
8	52.38546568	1
8	52.58546568	0
8	52.67957768	1
8	52.87957768	0
8	53.07350368	1
8	53.27350368	0
8	53.44880768	1
8	53.58050768	1
8	53.68826368	1
8	53.88826368	0
8	54.20309268	1
8	54.40309268	0
8	54.44927568	1
8	54.64927568	0
8	54.90948768	1
8	55.06830168	1
8	55.26830168	0
8	55.29261668	1
8	55.49261668	0
8	55.54404568	1
8	55.66377368	1
8	55.85533768	1
8	56.05533768	0
8	56.19057568	1
8	56.36615368	1
8	56.44407368	1
8	56.64407368	0
9	0.432017422	1
9	0.632017422	0
9	1.046814784	1
9	1.198493784	1
9	1.394025784	1
9	1.594025784	0
9	1.753209784	1
9	1.953209784	0
9	2.133840784	1
9	2.333840784	0
9	2.351848784	1
9	2.551848784	0
9	2.709578784	1
9	2.789662784	1
9	2.989662784	0
9	3.118107784	1
9	3.318107784	0
9	3.441372784	1
9	3.531518784	1
9	3.620964784	1
9	3.820964784	0
9	3.980148784	1
9	4.180148784	0
9	4.470263784	1
9	4.591471784	1
9	4.791471784	0
9	5.488719784	1
9	5.584501784	1
9	5.784501784	0
9	5.805111784	1
9	5.991576784	1
9	6.191576784	0
9	6.219059784	1
9	6.419059784	0
9	6.747998784	1
9	6.947998784	0
9	7.069127784	1
9	7.269127784	0
9	7.308583784	1
9	7.508583784	0
9	7.957913784	1
9	8.157913784	0
9	8.266406784	1
9	8.466406784	0
9	8.711133784	1
9	8.810731784	1
9	8.876990784	1
9	9.076990784	0
9	9.320012784	1
9	9.520012784	0
9	10.15810778	1
9	10.32572678	1
9	10.52572678	0
9	10.61663678	1
9	10.81663678	0
9	10.82858378	1
9	11.00817578	1
9	11.20817578	0
9	11.41525078	1
9	11.61525078	0
9	11.95402578	1
9	12.03786078	1
9	12.23786078	0
9	12.30624978	1
9	12.50624978	0
9	12.89987678	1
9	13.09987678	0
9	13.70205278	1
9	13.90205278	0
9	13.92953578	1
9	14.12953578	0
9	14.31266578	1
9	14.48028478	1
9	14.68028478	0
9	14.91130478	1
9	15.11130478	0
9	15.13878778	1
9	15.33878778	0
9	15.58178078	1
9	15.67756378	1
9	15.87756378	0
9	16.27620278	1
9	16.47620278	0
9	16.70722278	1
9	16.85089678	1
9	17.05089678	0
9	17.19810778	1
9	17.30586278	1
9	17.50586278	0
9	17.65307378	1
9	17.85307378	0
9	18.37144078	1
9	18.57144078	0
9	18.70667878	1
9	18.90667878	0
9	19.52082878	1
9	19.65559478	1
9	19.73351478	1
9	19.93351478	0
9	20.02368578	1
9	20.22368578	0
9	20.39484178	1
9	20.59484178	0
9	20.77797178	1
9	20.97797178	0
9	21.01742778	1
9	21.21742778	0
9	21.42450178	1
9	21.60409378	1
9	21.75973978	1
9	21.92735978	1
9	22.12735978	0
9	22.18067778	1
9	22.33868078	1
9	22.53868078	0
9	22.54863078	1
9	22.74863078	0
9	23.23239378	1
9	23.42395778	1
9	23.55565878	1
9	23.67538678	1
9	23.79511478	1
9	23.99511478	0
9	24.07048878	1
9	24.21416178	1
9	24.41416178	0
9	24.58531878	1
9	24.78531878	0
9	25.07620278	1
9	25.27620278	0
9	25.49525078	1
9	25.69193578	1
9	25.74667878	1
9	25.94667878	0
9	26.12185278	1
9	26.23756378	1
9	26.43756378	0
9	26.68055678	1
9	26.88055678	0
9	27.87783578	1
9	27.98678578	1
9	28.16643278	1
9	28.28547678	1
9	28.48547678	0
9	28.64409378	1
9	28.84409378	0
9	29.25470578	1
9	29.45470578	0
9	29.45824378	1
9	29.60191678	1
9	29.74559078	1
9	29.94559078	0
9	30.14069278	1
9	30.34069278	0
9	30.46395778	1
9	30.60070978	1
9	30.66780778	1
9	30.86780778	0
9	31.05062478	1
9	31.25062478	0
9	31.44182278	1
9	31.64182278	0
9	32.34368578	1
9	32.44232778	1
9	32.52403678	1
9	32.72403678	0
9	32.97824378	1
9	33.17824378	0
9	33.36137278	1
9	33.49307378	1
9	33.69307378	0
9	34.04382178	1
9	34.21144078	1
9	34.37905978	1
9	34.57905978	0
9	34.78613478	1
9	34.88191678	1
9	35.08191678	0
9	36.83348178	1
9	37.03348178	0
9	37.27647478	1
9	37.47647478	0
9	37.53987678	1
9	37.73987678	0
9	37.86314178	1
9	38.05395178	1
9	38.25395178	0
9	38.40191678	1
9	38.60191678	0
9	38.76524378	1
9	38.96524378	0
9	39.51538678	1
9	39.71538678	0
9	39.71759178	1
9	39.91759178	0
9	40.16191678	1
9	40.36191678	0
9	40.52110078	1
9	40.62885578	1
9	40.82885578	0
9	41.07184878	1
9	41.27184878	0
9	41.65851578	1
9	41.83810778	1
9	42.03810778	0
9	42.28110078	1
9	42.48110078	0
9	42.48463778	1
9	42.68463778	0
9	42.92763178	1
9	43.12763178	0
9	43.77769978	1
9	43.92081278	1
9	44.12081278	0
9	44.31647478	1
9	44.49606678	1
9	44.69606678	0
9	45.05878778	1
9	45.12206978	1
9	45.32206978	0
9	45.41779278	1
9	45.59756378	1
9	45.79756378	0
9	45.99266578	1
9	46.19266578	0
9	46.52381478	1
9	46.69905978	1
9	46.89905978	0
9	47.22586278	1
9	47.42586278	0
9	48.21960378	1
9	48.41960378	0
9	48.97388978	1
9	49.17388978	0
9	49.95565878	1
9	50.15565878	0
9	50.35076078	1
9	50.55076078	0
9	50.84164478	1
9	51.04164478	0
9	51.40651578	1
9	51.57198478	1
9	51.77198478	0
9	51.83538678	1
9	52.03538678	0
9	52.20247578	1
9	52.40247578	0
9	53.83484178	1
9	54.03484178	0
9	54.08627078	1
9	54.28627078	0
9	54.39756378	1
9	54.59756378	0
9	55.04409378	1
9	55.24409378	0
9	55.42390078	1
9	55.53645078	1
9	55.73645078	0
10	1.051980798	1
10	1.160767	1
10	1.308375	1
10	1.508375	0
10	2.14647	1
10	2.34647	0
10	2.787119	1
10	2.987119	0
10	3.069088	1
10	3.269088	0
10	3.670205	1
10	3.810893	1
10	4.010893	0
10	4.110007	1
10	4.193817	1
10	4.393817	0
10	4.602269	1
10	4.780483	1
10	4.907454	1
10	5.004853	1
10	5.204853	0
10	6.456674	1
10	6.616548	1
10	6.816548	0
10	6.895759	1
10	7.007422	1
10	7.207422	0
10	7.246878	1
10	7.446878	0
10	8.24062	1
10	8.396266	1
10	8.575858	1
10	8.775858	0
10	8.851232	1
10	9.051232	0
10	9.078715	1
10	9.278715	0
10	9.354089	1
10	9.554089	0
10	9.737218	1
10	9.937218	0
10	10.371776	1
10	10.52606	1
10	10.623205	1
10	10.823205	0
10	11.042252	1
10	11.242252	0
10	11.395356	1
10	11.581028	1
10	11.688783	1
10	11.856402	1
10	12.056402	0
10	12.167694	1
10	12.335313	1
10	12.514905	1
10	12.714905	0
10	12.742388	1
10	12.942388	0
10	12.969871	1
10	13.13749	1
10	13.33749	0
10	13.364973	1
10	13.564973	0
10	13.772048	1
10	13.891776	1
10	14.091776	0
10	14.286878	1
10	14.486878	0
10	14.514361	1
10	14.598171	1
10	14.798171	0
10	14.933409	1
10	15.133409	0
10	15.376402	1
10	15.576402	0
10	15.670657	1
10	15.870657	0
10	15.891232	1
10	16.091232	0
10	16.214497	1
10	16.414497	0
10	17.782932	1
10	17.982932	0
10	18.166062	1
10	18.366062	0
10	18.513273	1
10	18.713273	0
10	18.728783	1
10	18.928783	0
10	19.075994	1
10	19.275994	0
10	19.363341	1
10	19.399259	1
10	19.599259	0
10	19.674633	1
10	19.874633	0
10	20.47681	1
10	20.596538	1
10	20.788103	1
10	20.931776	1
10	21.123341	1
10	21.302932	1
10	21.502932	0
10	21.566334	1
10	21.638171	1
10	21.838171	0
10	21.978912	1
10	22.178912	0
10	22.200892	1
10	22.400892	0
10	23.18266	1
10	23.370085	1
10	23.570085	0
10	23.69749	1
10	23.761846	1
10	23.961846	0
10	24.068647	1
10	24.268647	0
10	24.487694	1
10	24.687694	0
10	24.787014	1
10	24.987014	0
10	25.876538	1
10	26.066158	1
10	26.126762	1
10	26.326762	0
10	26.511096	1
10	26.711096	0
10	26.894225	1
10	27.063155	1
10	27.263155	0
10	27.528783	1
10	27.728783	0
10	27.755772	1
10	27.955772	0
10	28.127422	1
10	28.24715	1
10	28.44715	0
10	29.169055	1
10	29.291711	1
10	29.444429	1
10	29.644429	0
10	29.8826	1
10	30.043068	1
10	30.243068	0
10	30.641708	1
10	30.841708	0
10	30.917082	1
10	30.976946	1
10	31.176946	0
10	32.341844	1
10	32.473545	1
10	32.673545	0
10	32.844701	1
10	33.000347	1
10	33.09613	1
10	33.29613	0
10	33.347558	1
10	33.479259	1
10	33.679259	0
10	33.802524	1
10	34.002524	0
10	35.200401	1
10	35.299123	1
10	35.442796	1
10	35.642796	0
10	35.658307	1
10	35.813953	1
10	36.013953	0
10	36.292864	1
10	36.484429	1
10	36.568239	1
10	36.768239	0
10	36.915449	1
10	37.035177	1
10	37.095041	1
10	37.295041	0
10	37.564513	1
10	37.753545	1
10	37.953545	0
10	38.136674	1
10	38.336674	0
10	38.447966	1
10	38.579667	1
10	38.779667	0
10	39.027666	1
10	39.202252	1
10	39.402252	0
10	39.464076	1
10	39.664076	0
10	40.207966	1
10	40.327694	1
10	40.495313	1
10	40.67832	1
10	40.87832	0
10	40.926334	1
10	41.126334	0
10	41.357354	1
10	41.557354	0
10	41.776402	1
10	41.976402	0
10	42.11164	1
10	42.31164	0
10	42.446878	1
10	42.646878	0
10	42.681776	1
10	42.758171	1
10	42.958171	0
10	43.835722	1
10	44.035722	0
10	44.265333	1
10	44.362524	1
10	44.562524	0
10	44.841436	1
10	45.041436	0
10	45.236538	1
10	45.404157	1
10	45.604157	0
10	45.775313	1
10	45.974426	1
10	46.174426	0
10	46.816946	1
10	46.996538	1
10	47.196538	0
10	47.534175	1
10	47.734175	0
10	47.738851	1
10	47.938851	0
10	48.055802	1
10	48.255802	0
10	48.313545	1
10	48.433273	1
10	48.633273	0
10	48.799561	1
10	48.948103	1
10	49.148103	0
10	50.145381	1
10	50.268403	1
10	50.468403	0
10	50.755994	1
10	50.839803	1
10	51.039803	0
10	51.132009	1
10	51.332009	0
10	51.606062	1
10	51.737762	1
10	51.905381	1
10	52.105381	0
10	52.204701	1
10	52.324429	1
10	52.468103	1
10	52.668103	0
10	53.330143	1
10	53.530143	0
10	53.535131	1
10	53.735131	0
10	53.868919	1
10	54.037468	1
10	54.104375	1
10	54.304375	0
10	54.599259	1
10	54.697428	1
10	54.897428	0
10	55.030279	1
10	55.230279	0
10	55.413409	1
10	55.613409	0
10	56.347286	1
10	56.497428	1
10	56.646606	1
10	56.802252	1
10	56.993817	1
10	57.193817	0
10	57.245245	1
10	57.353	1
10	57.460756	1
10	57.660756	0
10	57.843885	1
10	58.043885	0
10	58.204357	1
10	58.404357	0
10	58.670007	1
10	58.870007	0
10	58.874526	1
10	59.074526	0
10	59.124973	1
10	59.244701	1
10	59.444701	0
10	59.448239	1
10	59.648239	0
10	59.855313	1
10	60.055313	0
10	60.430007	1
10	60.630007	0
10	60.784961	1
10	60.984961	0
11	0.27448538	1
11	0.47448538	0
11	0.489783265	1
11	0.689783265	0
11	0.701863265	1
11	0.901863265	0
11	1.064477265	1
11	1.264477265	0
11	1.279987265	1
11	1.479987265	0
11	1.615225265	1
11	1.815225265	0
11	2.130055265	1
11	2.330055265	0
11	2.369511265	1
11	2.453320265	1
11	2.653320265	0
11	3.578762265	1
11	3.695823265	1
11	3.866109265	1
11	4.066109265	0
11	4.201347265	1
11	4.333048265	1
11	4.533048265	0
11	4.895769265	1
11	4.979579265	1
11	5.179579265	0
11	5.303189265	1
11	5.494409265	1
11	5.650055265	1
11	5.733864265	1
11	5.865565265	1
11	6.065565265	0
11	6.188830265	1
11	6.272640265	1
11	6.356450265	1
11	6.556450265	0
11	7.278354265	1
11	7.393222265	1
11	7.505837265	1
11	7.685429265	1
11	7.875889265	1
11	8.075889265	0
11	9.194001265	1
11	9.325252265	1
11	9.469375265	1
11	9.660939265	1
11	9.828558265	1
11	10.02855827	0
11	10.29549727	1
11	10.49549727	0
11	10.74864127	1
11	10.94202827	1
11	11.12162027	1
11	11.32162027	0
11	12.16325227	1
11	12.25903527	1
11	12.45903527	0
11	12.56379227	1
11	12.76379227	0
11	12.84733227	1
11	13.04733227	0
11	13.14502127	1
11	13.34502127	0
11	13.46828627	1
11	13.66828627	0
11	13.72765427	1
11	13.87483527	1
11	14.07483527	0
11	16.28696427	1
11	16.48696427	0
11	16.54529327	1
11	16.65188127	1
11	16.85188127	0
11	17.00025927	1
11	17.20025927	0
11	17.33454727	1
11	17.53454727	0
		1
11	17.69468127	1
11	17.89468127	0
11	18.20817227	1
11	18.40817227	0
11	18.42677927	1
11	18.62677927	0
11	19.08352427	1
11	19.28352427	0
11	19.30694727	1
11	19.50694727	0
11	19.76597327	1
11	19.90000027	1
11	20.10000027	0
11	20.38855827	1
11	20.58855827	0
11	20.66404327	1
11	20.86404327	0
11	21.80822127	1
11	21.95540227	1
11	22.15540227	0
11	22.55711327	1
11	22.68048627	1
11	22.80385827	1
11	23.00385827	0
11	23.05060327	1
11	23.25060327	0
11	23.38175627	1
11	23.58175627	0
11	23.77055327	1
11	23.97055327	0
11	25.46502127	1
11	25.66502127	0
11	25.67877427	1
11	25.87877427	0
11	26.12352427	1
11	26.32352427	0
11	26.38692627	1
11	26.58692627	0
11	26.79400127	1
11	26.99400127	0
11	27.15318427	1
11	27.34890827	1
11	27.54890827	0
11	28.04368927	1
11	28.13459527	1
11	28.33459527	0
11	28.35046327	1
11	28.55046327	0
11	28.67372827	1
11	28.87372827	0
11	29.14066727	1
11	29.34066727	0
11	29.57962927	1
11	29.77962927	0
11	30.36189227	1
11	30.50952927	1
11	30.70952927	0
11	31.09223227	1
11	31.20863927	1
11	31.40863927	0
11	31.67889927	1
11	31.87889927	0
11	32.12189227	1
11	32.32189227	0
11	32.44382327	1
11	32.64382327	0
11	33.13957927	1
11	33.30719827	1
11	33.41495327	1
11	33.61495327	0
11	33.67835427	1
11	33.87835427	0
11	34.09880627	1
11	34.29880627	0
11	34.31291227	1
11	34.51291227	0
11	34.54251427	1
11	34.74251427	0
11	35.46230027	1
11	35.62991927	1
11	35.82991927	0
		1
11	35.98910327	1
11	36.18910327	0
11	36.43209627	1
11	36.63209627	0
11	36.74338827	1
11	36.82719827	1
11	37.02719827	0
11	37.29413727	1
11	37.40227927	1
11	37.60227927	0
11	37.64134727	1
11	37.84134727	0
11	38.03645027	1
11	38.14420527	1
11	38.34420527	0
11	38.44352427	1
11	38.64352427	0
11	38.86029927	1
11	39.06029927	0
11	39.36028127	1
11	39.47716127	1
11	39.53304827	1
11	39.73304827	0
11	39.81697627	1
11	39.95209627	1
11	40.15209627	0
11	40.41903527	1
11	40.61903527	0
11	40.62257227	1
11	40.81413727	1
11	41.01413727	0
11	41.15605227	1
11	41.35605227	0
11	41.62828627	1
11	41.82828627	0
11	42.80162027	1
11	42.93332027	1
11	43.13332027	0
11	43.19672227	1
11	43.39672227	0
11	43.73549727	1
11	43.93549727	0
11	44.15454527	1
11	44.35454527	0
		1
11	44.42991927	1
11	44.62991927	0
11	44.78418927	1
11	44.92080327	1
11	45.12080327	0
11	45.44760627	1
11	45.53141627	1
11	45.73141627	0
11	45.73495327	1
11	45.93495327	0
11	45.96243627	1
11	46.16243627	0
11	47.53087127	1
11	47.61445627	1
11	47.73785527	1
11	47.87808227	1
11	48.07808227	0
11	48.21969227	1
11	48.41969227	0
11	48.56600027	1
11	48.76600027	0
11	49.42094927	1
11	49.59019127	1
11	49.79019127	0
11	49.92542927	1
11	50.12542927	0
11	50.31621827	1
11	50.44025927	1
11	50.64025927	0
11	50.87127927	1
11	50.94311627	1
11	51.14311627	0
11	51.15862627	1
11	51.35862627	0
11	51.42202827	1
11	51.62202827	0
11	51.84107527	1
11	52.04107527	0
11	52.37985127	1
11	52.51428327	1
11	52.65522527	1
11	52.85522527	0
11	53.05558027	1
11	53.25558027	0
11	53.42148427	1
11	53.62148427	0
11	53.64896727	1
		1
11	53.79717427	1
11	53.89024527	1
11	54.09024527	0
11	54.21168827	1
11	54.41168827	0
11	54.51732527	1
11	54.71732527	0
11	55.33114927	1
11	55.53114927	0
12	0.229476225	1
12	0.429476225	0
12	0.504358225	1
12	0.658032225	1
12	0.858032225	0
12	0.974924225	1
12	1.174924225	0
12	1.266236225	1
12	1.441863225	1
12	1.515146225	1
12	1.715146225	0
12	1.801046225	1
12	2.001046225	0
12	2.220094225	1
12	2.420094225	0
12	2.687033225	1
12	2.794788225	1
12	2.926489225	1
12	3.126489225	0
12	3.293501225	1
12	3.493501225	0
12	3.561046225	1
12	3.644856225	1
12	3.844856225	0
12	4.698461225	1
12	4.898461225	0
12	4.925944225	1
12	5.125944225	0
12	5.309074225	1
12	5.509074225	0
12	5.883767225	1
12	6.083767225	0
12	6.135196225	1
12	6.335196225	0
12	6.460615225	1
12	6.605632225	1
12	6.759306225	1
12	6.841591225	1
12	7.041591225	0
12	7.215196225	1
12	7.415196225	0
12	7.643767225	1
12	7.843767225	0
12	8.613563225	1
12	8.733291225	1
12	8.933291225	0
12	9.008665225	1
12	9.116421225	1
12	9.316421225	0
12	9.686169225	1
12	9.886169225	0
12	9.997846225	1
12	10.19784623	0
12	10.76866522	1
12	10.96866522	0
12	11.02009422	1
12	11.22009422	0
12	11.58281522	1
12	11.78281522	0
12	11.93204022	1
12	12.06623522	1
12	12.26623522	0
12	14.03723722	1
12	14.23723722	0
12	14.85138722	1
12	14.97902622	1
12	15.12676122	1
12	15.32676122	0
12	15.36356422	1
12	15.56356422	0
12	15.84512822	1
12	16.04512822	0
12	16.09655722	1
12	16.29655722	0
12	16.51640022	1
12	16.62895022	1
12	16.79561122	1
12	16.92267922	1
12	17.12267922	0
12	17.18608022	1
12	17.35369922	1
12	17.55369922	0
12	17.58482322	1
12	17.78482322	0
12	18.06009422	1
12	18.17982222	1
12	18.36185322	1
12	18.56185322	0
12	18.65873322	1
12	18.76648922	1
12	18.96648922	0
12	19.66444822	1
12	19.79822922	1
12	19.92784922	1
12	20.05955022	1
12	20.25955022	0
12	20.31097822	1
12	20.45465222	1
12	20.63520822	1
12	20.83520822	0
12	21.61601222	1
12	21.75968622	1
12	21.95968622	0
12	21.96322322	1
12	22.16322322	0
12	22.27451622	1
12	22.47451622	0
12	22.50199922	1
12	22.60975422	1
12	22.80975422	0
12	23.48376722	1
12	23.68376722	0
12	23.69927822	1
12	23.89927822	0
12	24.01057022	1
12	24.21057022	0
12	24.23805322	1
12	24.29119422	1
12	24.35778122	1
12	24.52312722	1
12	24.72312722	0
12	24.77682922	1
12	24.87261122	1
12	25.07261122	0
12	25.60295122	1
12	25.73520622	1
12	25.88671622	1
12	26.00582122	1
12	26.04594422	1
12	26.24594422	0
12	26.27342722	1
12	26.47342722	0
12	26.52874722	1
12	26.72874722	0
12	28.09329122	1
12	28.29329122	0
12	28.36866522	1
12	28.56866522	0
12	28.62009422	1
12	28.73304122	1
12	28.93304122	0
12	29.23070622	1
12	29.43070622	0
12	30.29628522	1
12	30.38440322	1
12	30.58440322	0
12	30.59651722	1
12	30.79651722	0
12	31.20621622	1
12	31.35759122	1
12	31.55759122	0
12	32.59506022	1
12	32.79506022	0
12	32.88134922	1
12	33.08134922	0
12	33.90446822	1
12	34.10446822	0
12	34.20039122	1
12	34.40039122	0
12	35.41247022	1
12	35.61247022	0
12	35.71116122	1
12	35.81574022	1
12	36.01574022	0
12	36.16272222	1
12	36.28267922	1
12	36.35451622	1
12	36.55451622	0
12	36.64186322	1
12	36.71369922	1
12	36.85737322	1
12	37.05737322	0
12	37.14472022	1
12	37.28839322	1
12	37.48839322	0
12	37.62363122	1
12	37.82363122	0
12	37.84378222	1
12	38.04267922	1
12	38.19832522	1
12	38.36594422	1
12	38.56594422	0
12	39.52730522	1
12	39.62012722	1
12	39.79070622	1
12	39.97029822	1
12	40.17029822	0
12	40.22183822	1
12	40.42183822	0
12	40.96404022	1
12	41.03587622	1
12	41.23587622	0
12	41.34246222	1
12	41.45492422	1
12	41.64648922	1
12	41.84648922	0
12	42.05356322	1
12	42.12540022	1
12	42.32540022	0
12	42.44866522	1
12	42.64866522	0
12	43.71778122	1
12	43.87342722	1
12	43.99315522	1
12	44.19315522	0
12	44.34292322	1
12	44.54292322	0
		1
		1
12	44.65165922	1
12	44.85165922	0
12	45.22635322	1
12	45.42635322	0
12	45.67792422	1
12	45.87792422	0
12	45.89682922	1
12	46.06444822	1
12	46.26444822	0
12	46.32784922	1
12	46.52784922	0
		1
		1
		1
		1